省份,日(日期),新增确诊,新增死亡,新增治愈,累计确诊,累计死亡,累计治愈,现有确诊
安徽省,2020年1月23日,8,0,0,9,0,0,9
安徽省,2020年1月24日,6,0,0,15,0,0,15
安徽省,2020年1月25日,24,0,0,39,0,0,39
安徽省,2020年1月26日,21,0,0,60,0,0,60
安徽省,2020年1月27日,10,0,0,70,0,0,70
安徽省,2020年1月28日,36,0,0,106,0,0,106
安徽省,2020年1月29日,46,0,2,152,0,2,150
安徽省,2020年1月30日,48,0,0,200,0,2,198
安徽省,2020年1月31日,37,0,1,237,0,3,234
安徽省,2020年2月1日,60,0,2,297,0,5,292
安徽省,2020年2月2日,43,0,2,340,0,7,333
安徽省,2020年2月3日,68,0,7,408,0,14,394
安徽省,2020年2月4日,72,0,6,480,0,20,460
安徽省,2020年2月5日,50,0,3,530,0,23,507
安徽省,2020年2月6日,61,0,11,591,0,34,557
安徽省,2020年2月7日,74,0,13,665,0,47,618
安徽省,2020年2月8日,68,0,12,733,0,59,674
安徽省,2020年2月9日,46,1,13,779,1,72,706
安徽省,2020年2月10日,51,2,16,830,3,88,739
安徽省,2020年2月11日,30,1,17,860,4,105,751
安徽省,2020年2月12日,29,0,22,889,4,127,758
安徽省,2020年2月13日,21,1,30,910,5,157,748
安徽省,2020年2月14日,24,1,36,934,6,193,735
安徽省,2020年2月15日,16,0,28,950,6,221,723
安徽省,2020年2月16日,12,0,34,962,6,255,701
安徽省,2020年2月17日,11,0,25,973,6,280,687
安徽省,2020年2月18日,9,0,81,982,6,361,615
安徽省,2020年2月19日,4,0,52,986,6,413,567
安徽省,2020年2月20日,1,0,61,987,6,474,507
安徽省,2020年2月21日,1,0,65,988,6,539,443
安徽省,2020年2月22日,1,0,58,989,6,597,386
安徽省,2020年2月23日,0,0,40,989,6,637,346
安徽省,2020年2月24日,0,0,26,989,6,663,320
安徽省,2020年2月25日,0,0,49,989,6,712,271
安徽省,2020年2月26日,0,0,32,989,6,744,239
安徽省,2020年2月27日,0,0,48,989,6,792,191
安徽省,2020年2月28日,1,0,29,990,6,821,163
安徽省,2020年2月29日,0,0,47,990,6,868,116
安徽省,2020年3月1日,0,0,5,990,6,873,111
安徽省,2020年3月2日,0,0,44,990,6,917,67
安徽省,2020年3月3日,0,0,19,990,6,936,48
安徽省,2020年3月4日,0,0,20,990,6,956,28
安徽省,2020年3月5日,0,0,14,990,6,970,14
安徽省,2020年3月6日,0,0,9,990,6,979,5
安徽省,2020年3月7日,0,0,0,990,6,979,5
安徽省,2020年3月8日,0,0,5,990,6,984,0
安徽省,2020年3月9日,0,0,0,990,6,984,0
安徽省,2020年3月10日,0,0,0,990,6,984,0
安徽省,2020年3月11日,0,0,0,990,6,984,0
安徽省,2020年3月12日,0,0,0,990,6,984,0
安徽省,2020年3月13日,0,0,0,990,6,984,0
安徽省,2020年3月14日,0,0,0,990,6,984,0
安徽省,2020年3月15日,0,0,0,990,6,984,0
澳门特别行政区,2020年1月23日,1,0,0,2,0,0,2
澳门特别行政区,2020年1月24日,0,0,0,2,0,0,2
澳门特别行政区,2020年1月25日,0,0,0,2,0,0,2
澳门特别行政区,2020年1月26日,3,0,0,5,0,0,5
澳门特别行政区,2020年1月27日,1,0,0,6,0,0,6
澳门特别行政区,2020年1月28日,1,0,0,7,0,0,7
澳门特别行政区,2020年1月29日,0,0,0,7,0,0,7
澳门特别行政区,2020年1月30日,0,0,0,7,0,0,7
澳门特别行政区,2020年1月31日,0,0,0,7,0,0,7
澳门特别行政区,2020年2月1日,0,0,0,7,0,0,7
澳门特别行政区,2020年2月2日,1,0,0,8,0,0,8
澳门特别行政区,2020年2月3日,0,0,0,8,0,0,8
澳门特别行政区,2020年2月4日,2,0,0,10,0,0,10
澳门特别行政区,2020年2月5日,0,0,0,10,0,0,10
澳门特别行政区,2020年2月6日,0,0,1,10,0,1,9
澳门特别行政区,2020年2月7日,0,0,0,10,0,1,9
澳门特别行政区,2020年2月8日,0,0,0,10,0,1,9
澳门特别行政区,2020年2月9日,0,0,0,10,0,1,9
澳门特别行政区,2020年2月10日,0,0,0,10,0,1,9
澳门特别行政区,2020年2月11日,0,0,0,10,0,1,9
澳门特别行政区,2020年2月12日,0,0,1,10,0,2,8
澳门特别行政区,2020年2月13日,0,0,1,10,0,3,7
澳门特别行政区,2020年2月14日,0,0,0,10,0,3,7
澳门特别行政区,2020年2月15日,0,0,0,10,0,3,7
澳门特别行政区,2020年2月16日,0,0,2,10,0,5,5
澳门特别行政区,2020年2月17日,0,0,0,10,0,5,5
澳门特别行政区,2020年2月18日,0,0,0,10,0,5,5
澳门特别行政区,2020年2月19日,0,0,0,10,0,5,5
澳门特别行政区,2020年2月20日,0,0,1,10,0,6,4
澳门特别行政区,2020年2月21日,0,0,0,10,0,6,4
澳门特别行政区,2020年2月22日,0,0,0,10,0,6,4
澳门特别行政区,2020年2月23日,0,0,0,10,0,6,4
澳门特别行政区,2020年2月24日,0,0,0,10,0,6,4
澳门特别行政区,2020年2月25日,0,0,1,10,0,7,3
澳门特别行政区,2020年2月26日,0,0,0,10,0,7,3
澳门特别行政区,2020年2月27日,0,0,1,10,0,8,2
澳门特别行政区,2020年2月28日,0,0,0,10,0,8,2
澳门特别行政区,2020年2月29日,0,0,0,10,0,8,2
澳门特别行政区,2020年3月1日,0,0,0,10,0,8,2
澳门特别行政区,2020年3月2日,0,0,0,10,0,8,2
澳门特别行政区,2020年3月3日,0,0,1,10,0,9,1
澳门特别行政区,2020年3月4日,0,0,0,10,0,9,1
澳门特别行政区,2020年3月5日,0,0,0,10,0,9,1
澳门特别行政区,2020年3月6日,0,0,1,10,0,10,0
澳门特别行政区,2020年3月7日,0,0,0,10,0,10,0
澳门特别行政区,2020年3月8日,0,0,0,10,0,10,0
澳门特别行政区,2020年3月9日,0,0,0,10,0,10,0
澳门特别行政区,2020年3月10日,0,0,0,10,0,10,0
澳门特别行政区,2020年3月11日,0,0,0,10,0,10,0
澳门特别行政区,2020年3月12日,0,0,0,10,0,10,0
澳门特别行政区,2020年3月13日,0,0,0,10,0,10,0
澳门特别行政区,2020年3月14日,0,0,0,10,0,10,0
澳门特别行政区,2020年3月15日,0,0,0,10,0,10,0
北京市,2020年1月23日,8,0,0,22,0,0,22
北京市,2020年1月24日,14,0,1,36,0,1,35
北京市,2020年1月25日,5,0,1,41,0,2,39
北京市,2020年1月26日,27,0,0,68,0,2,66
北京市,2020年1月27日,12,1,0,80,1,2,77
北京市,2020年1月28日,11,0,2,91,1,4,86
北京市,2020年1月29日,20,0,0,111,1,4,106
北京市,2020年1月30日,3,0,0,114,1,4,109
北京市,2020年1月31日,25,0,1,139,1,5,133
北京市,2020年2月1日,29,0,4,168,1,9,158
北京市,2020年2月2日,23,0,0,191,1,9,181
北京市,2020年2月3日,21,0,3,212,1,12,199
北京市,2020年2月4日,16,0,11,228,1,23,204
北京市,2020年2月5日,25,0,1,253,1,24,228
北京市,2020年2月6日,21,0,7,274,1,31,242
北京市,2020年2月7日,23,0,2,297,1,33,263
北京市,2020年2月8日,18,1,1,315,2,34,279
北京市,2020年2月9日,11,0,3,326,2,37,287
北京市,2020年2月10日,11,0,7,337,2,44,291
北京市,2020年2月11日,5,1,4,342,3,48,291
北京市,2020年2月12日,10,0,8,352,3,56,293
北京市,2020年2月13日,14,0,13,366,3,69,294
北京市,2020年2月14日,6,0,11,372,3,80,289
北京市,2020年2月15日,3,1,18,375,4,98,273
北京市,2020年2月16日,5,0,10,380,4,108,268
北京市,2020年2月17日,1,0,6,381,4,114,263
北京市,2020年2月18日,6,0,8,387,4,122,261
北京市,2020年2月19日,6,0,23,393,4,145,244
北京市,2020年2月20日,2,0,8,395,4,153,238
北京市,2020年2月21日,1,0,16,396,4,169,223
北京市,2020年2月22日,3,0,9,399,4,178,217
北京市,2020年2月23日,0,0,11,399,4,189,206
北京市,2020年2月24日,0,0,9,399,4,198,197
北京市,2020年2月25日,1,0,17,400,4,215,181
北京市,2020年2月26日,0,0,20,400,4,235,161
北京市,2020年2月27日,10,1,13,410,5,248,157
北京市,2020年2月28日,0,2,9,410,7,257,146
北京市,2020年2月29日,1,1,14,411,8,271,132
北京市,2020年3月1日,2,0,5,413,8,276,129
北京市,2020年3月2日,1,0,6,414,8,282,124
北京市,2020年3月3日,0,0,6,414,8,288,118
北京市,2020年3月4日,4,0,9,418,8,297,113
北京市,2020年3月5日,0,0,0,418,8,297,113
北京市,2020年3月6日,4,0,2,422,8,299,115
北京市,2020年3月7日,4,0,4,426,8,303,115
北京市,2020年3月8日,2,0,5,428,8,308,112
北京市,2020年3月9日,0,0,7,428,8,315,105
北京市,2020年3月10日,1,0,5,429,8,320,101
北京市,2020年3月11日,6,0,6,435,8,326,101
北京市,2020年3月12日,0,0,8,435,8,334,93
北京市,2020年3月13日,1,0,8,436,8,342,86
北京市,2020年3月14日,1,0,7,437,8,349,80
北京市,2020年3月15日,5,0,4,442,8,353,81
福建省,2020年1月23日,4,0,0,5,0,0,5
福建省,2020年1月24日,5,0,0,10,0,0,10
福建省,2020年1月25日,8,0,0,18,0,0,18
福建省,2020年1月26日,17,0,0,35,0,0,35
福建省,2020年1月27日,24,0,0,59,0,0,59
福建省,2020年1月28日,21,0,0,80,0,0,80
福建省,2020年1月29日,4,0,0,84,0,0,84
福建省,2020年1月30日,17,0,0,101,0,0,101
福建省,2020年1月31日,19,0,0,120,0,0,120
福建省,2020年2月1日,24,0,0,144,0,0,144
福建省,2020年2月2日,15,0,0,159,0,0,159
福建省,2020年2月3日,20,0,1,179,0,1,178
福建省,2020年2月4日,15,0,2,194,0,3,191
福建省,2020年2月5日,11,0,8,205,0,11,194
福建省,2020年2月6日,10,0,3,215,0,14,201
福建省,2020年2月7日,9,0,6,224,0,20,204
福建省,2020年2月8日,15,0,4,239,0,24,215
福建省,2020年2月9日,11,0,11,250,0,35,215
福建省,2020年2月10日,11,0,4,261,0,39,222
福建省,2020年2月11日,6,0,6,267,0,45,222
福建省,2020年2月12日,5,0,8,272,0,53,219
福建省,2020年2月13日,7,0,4,279,0,57,222
福建省,2020年2月14日,2,0,6,281,0,63,218
福建省,2020年2月15日,4,0,8,285,0,71,214
福建省,2020年2月16日,2,0,11,287,0,82,205
福建省,2020年2月17日,3,0,8,290,0,90,200
福建省,2020年2月18日,2,0,3,292,0,93,199
福建省,2020年2月19日,1,0,19,293,0,112,181
福建省,2020年2月20日,0,1,14,293,1,126,166
福建省,2020年2月21日,0,0,23,293,1,149,143
福建省,2020年2月22日,0,0,13,293,1,162,130
福建省,2020年2月23日,0,0,8,293,1,170,122
福建省,2020年2月24日,0,0,13,293,1,183,109
福建省,2020年2月25日,1,0,16,294,1,199,94
福建省,2020年2月26日,0,0,19,294,1,218,75
福建省,2020年2月27日,2,0,10,296,1,228,67
福建省,2020年2月28日,0,0,7,296,1,235,60
福建省,2020年2月29日,0,0,8,296,1,243,52
福建省,2020年3月1日,0,0,4,296,1,247,48
福建省,2020年3月2日,0,0,8,296,1,255,40
福建省,2020年3月3日,0,0,5,296,1,260,35
福建省,2020年3月4日,0,0,10,296,1,270,25
福建省,2020年3月5日,0,0,7,296,1,277,18
福建省,2020年3月6日,0,0,7,296,1,284,11
福建省,2020年3月7日,0,0,11,296,1,295,0
福建省,2020年3月8日,0,0,0,296,1,295,0
福建省,2020年3月9日,0,0,0,296,1,295,0
福建省,2020年3月10日,0,0,0,296,1,295,0
福建省,2020年3月11日,0,0,0,296,1,295,0
福建省,2020年3月12日,0,0,0,296,1,295,0
福建省,2020年3月13日,0,0,0,296,1,295,0
福建省,2020年3月14日,0,0,0,296,1,295,0
福建省,2020年3月15日,0,0,0,296,1,295,0
甘肃省,2020年1月23日,2,0,0,2,0,0,2
甘肃省,2020年1月24日,0,0,0,2,0,0,2
甘肃省,2020年1月25日,2,0,0,4,0,0,4
甘肃省,2020年1月26日,3,0,0,7,0,0,7
甘肃省,2020年1月27日,7,0,0,14,0,0,14
甘肃省,2020年1月28日,5,0,0,19,0,0,19
甘肃省,2020年1月29日,5,0,0,24,0,0,24
甘肃省,2020年1月30日,2,0,0,26,0,0,26
甘肃省,2020年1月31日,3,0,0,29,0,0,29
甘肃省,2020年2月1日,11,0,0,40,0,0,40
甘肃省,2020年2月2日,11,0,3,51,0,3,48
甘肃省,2020年2月3日,4,0,0,55,0,3,52
甘肃省,2020年2月4日,2,0,1,57,0,4,53
甘肃省,2020年2月5日,5,0,2,62,0,6,56
甘肃省,2020年2月6日,0,0,0,62,0,6,56
甘肃省,2020年2月7日,5,0,3,67,0,9,58
甘肃省,2020年2月8日,12,1,3,79,1,12,66
甘肃省,2020年2月9日,4,1,4,83,2,16,65
甘肃省,2020年2月10日,0,0,1,83,2,17,64
甘肃省,2020年2月11日,3,0,7,86,2,24,60
甘肃省,2020年2月12日,1,0,7,87,2,31,54
甘肃省,2020年2月13日,3,0,8,90,2,39,49
甘肃省,2020年2月14日,0,0,0,90,2,39,49
甘肃省,2020年2月15日,0,0,10,90,2,49,39
甘肃省,2020年2月16日,0,0,5,90,2,54,34
甘肃省,2020年2月17日,1,0,4,91,2,58,31
甘肃省,2020年2月18日,0,0,4,91,2,62,27
甘肃省,2020年2月19日,0,0,3,91,2,65,24
甘肃省,2020年2月20日,0,0,6,91,2,71,18
甘肃省,2020年2月21日,0,0,5,91,2,76,13
甘肃省,2020年2月22日,0,0,0,91,2,76,13
甘肃省,2020年2月23日,0,0,2,91,2,78,11
甘肃省,2020年2月24日,0,0,2,91,2,80,9
甘肃省,2020年2月25日,0,0,0,91,2,80,9
甘肃省,2020年2月26日,0,0,1,91,2,81,8
甘肃省,2020年2月27日,0,0,0,91,2,81,8
甘肃省,2020年2月28日,0,0,1,91,2,82,7
甘肃省,2020年2月29日,0,0,0,91,2,82,7
甘肃省,2020年3月1日,0,0,2,91,2,84,5
甘肃省,2020年3月2日,0,0,1,91,2,85,4
甘肃省,2020年3月3日,0,0,1,91,2,86,3
甘肃省,2020年3月4日,0,0,1,91,2,87,2
甘肃省,2020年3月5日,11,0,0,102,2,87,13
甘肃省,2020年3月6日,17,0,0,119,2,87,30
甘肃省,2020年3月7日,1,0,0,120,2,87,31
甘肃省,2020年3月8日,4,0,0,124,2,87,35
甘肃省,2020年3月9日,0,0,1,124,2,88,34
甘肃省,2020年3月10日,1,0,0,125,2,88,35
甘肃省,2020年3月11日,2,0,0,127,2,88,37
甘肃省,2020年3月12日,0,0,0,127,2,88,37
甘肃省,2020年3月13日,0,0,0,127,2,88,37
甘肃省,2020年3月14日,2,0,1,129,2,89,38
甘肃省,2020年3月15日,4,0,2,133,2,91,40
广东省,2020年1月23日,6,0,2,32,0,2,30
广东省,2020年1月24日,21,0,0,53,0,2,51
广东省,2020年1月25日,25,0,0,78,0,2,76
广东省,2020年1月26日,33,0,0,111,0,2,109
广东省,2020年1月27日,40,0,2,151,0,4,147
广东省,2020年1月28日,56,0,0,207,0,4,203
广东省,2020年1月29日,70,0,1,277,0,5,272
广东省,2020年1月30日,77,0,5,354,0,10,344
广东省,2020年1月31日,82,0,1,436,0,11,425
广东省,2020年2月1日,99,0,3,535,0,14,521
广东省,2020年2月2日,97,0,1,632,0,15,617
广东省,2020年2月3日,93,0,6,725,0,21,704
广东省,2020年2月4日,88,0,9,813,0,30,783
广东省,2020年2月5日,82,0,19,895,0,49,846
广东省,2020年2月6日,75,0,20,970,0,69,901
广东省,2020年2月7日,64,1,19,1034,1,88,945
广东省,2020年2月8日,61,0,24,1095,1,112,982
广东省,2020年2月9日,36,0,29,1131,1,141,989
广东省,2020年2月10日,28,0,26,1159,1,167,991
广东省,2020年2月11日,18,0,45,1177,1,212,964
广东省,2020年2月12日,42,0,63,1219,1,275,943
广东省,2020年2月13日,22,1,39,1241,2,314,925
广东省,2020年2月14日,20,0,48,1261,2,362,897
广东省,2020年2月15日,33,0,48,1294,2,410,882
广东省,2020年2月16日,22,0,55,1316,2,465,849
广东省,2020年2月17日,6,2,59,1322,4,524,794
广东省,2020年2月18日,6,0,41,1328,4,565,759
广东省,2020年2月19日,3,1,41,1331,5,606,720
广东省,2020年2月20日,1,0,36,1332,5,642,685
广东省,2020年2月21日,1,0,48,1333,5,690,638
广东省,2020年2月22日,6,0,38,1339,5,728,606
广东省,2020年2月23日,3,1,27,1342,6,755,581
广东省,2020年2月24日,3,0,31,1345,6,786,553
广东省,2020年2月25日,2,1,36,1347,7,822,518
广东省,2020年2月26日,0,0,29,1347,7,851,489
广东省,2020年2月27日,0,0,39,1347,7,890,450
广东省,2020年2月28日,1,0,45,1348,7,935,406
广东省,2020年2月29日,1,0,48,1349,7,983,359
广东省,2020年3月1日,0,0,33,1349,7,1016,326
广东省,2020年3月2日,1,0,43,1350,7,1059,284
广东省,2020年3月3日,0,0,42,1350,7,1101,242
广东省,2020年3月4日,0,0,32,1350,7,1133,210
广东省,2020年3月5日,1,0,48,1351,7,1181,163
广东省,2020年3月6日,1,0,35,1352,7,1216,129
广东省,2020年3月7日,0,0,21,1352,7,1237,108
广东省,2020年3月8日,0,0,19,1352,7,1256,89
广东省,2020年3月9日,0,1,4,1352,8,1260,84
广东省,2020年3月10日,1,0,14,1353,8,1274,71
广东省,2020年3月11日,3,0,8,1356,8,1282,66
广东省,2020年3月12日,0,0,7,1356,8,1289,59
广东省,2020年3月13日,0,0,7,1356,8,1296,52
广东省,2020年3月14日,0,0,3,1356,8,1299,49
广东省,2020年3月15日,4,0,5,1360,8,1304,48
广西壮族自治区,2020年1月23日,3,0,0,5,0,0,5
广西壮族自治区,2020年1月24日,18,0,0,23,0,0,23
广西壮族自治区,2020年1月25日,0,0,0,23,0,0,23
广西壮族自治区,2020年1月26日,13,0,0,36,0,0,36
广西壮族自治区,2020年1月27日,10,0,0,46,0,0,46
广西壮族自治区,2020年1月28日,5,0,2,51,0,2,49
广西壮族自治区,2020年1月29日,7,0,0,58,0,2,56
广西壮族自治区,2020年1月30日,20,0,0,78,0,2,76
广西壮族自治区,2020年1月31日,9,0,0,87,0,2,85
广西壮族自治区,2020年2月1日,13,0,0,100,0,2,98
广西壮族自治区,2020年2月2日,11,0,0,111,0,2,109
广西壮族自治区,2020年2月3日,16,0,5,127,0,7,120
广西壮族自治区,2020年2月4日,12,0,3,139,0,10,129
广西壮族自治区,2020年2月5日,11,0,3,150,0,13,137
广西壮族自治区,2020年2月6日,18,0,1,168,0,14,154
广西壮族自治区,2020年2月7日,4,0,3,172,0,17,155
广西壮族自治区,2020年2月8日,11,0,0,183,0,17,166
广西壮族自治区,2020年2月9日,12,1,1,195,1,18,176
广西壮族自治区,2020年2月10日,15,0,6,210,1,24,185
广西壮族自治区,2020年2月11日,5,0,9,215,1,33,181
广西壮族自治区,2020年2月12日,7,0,-1,222,1,32,189
广西壮族自治区,2020年2月13日,0,1,1,222,2,33,187
广西壮族自治区,2020年2月14日,4,0,3,226,2,36,188
广西壮族自治区,2020年2月15日,9,0,8,235,2,44,189
广西壮族自治区,2020年2月16日,2,0,5,237,2,49,186
广西壮族自治区,2020年2月17日,1,0,4,238,2,53,183
广西壮族自治区,2020年2月18日,4,0,16,242,2,69,171
广西壮族自治区,2020年2月19日,2,0,17,244,2,86,156
广西壮族自治区,2020年2月20日,1,0,4,245,2,90,153
广西壮族自治区,2020年2月21日,1,0,7,246,2,97,147
广西壮族自治区,2020年2月22日,3,0,7,249,2,104,143
广西壮族自治区,2020年2月23日,0,0,2,249,2,106,141
广西壮族自治区,2020年2月24日,2,0,6,251,2,112,137
广西壮族自治区,2020年2月25日,1,0,22,252,2,134,116
广西壮族自治区,2020年2月26日,0,0,13,252,2,147,103
广西壮族自治区,2020年2月27日,0,0,14,252,2,161,89
广西壮族自治区,2020年2月28日,0,0,7,252,2,168,82
广西壮族自治区,2020年2月29日,0,0,8,252,2,176,74
广西壮族自治区,2020年3月1日,0,0,5,252,2,181,69
广西壮族自治区,2020年3月2日,0,0,11,252,2,192,58
广西壮族自治区,2020年3月3日,0,0,10,252,2,202,48
广西壮族自治区,2020年3月4日,0,0,8,252,2,210,40
广西壮族自治区,2020年3月5日,0,0,4,252,2,214,36
广西壮族自治区,2020年3月6日,0,0,3,252,2,217,33
广西壮族自治区,2020年3月7日,0,0,1,252,2,218,32
广西壮族自治区,2020年3月8日,0,0,5,252,2,223,27
广西壮族自治区,2020年3月9日,0,0,7,252,2,230,20
广西壮族自治区,2020年3月10日,0,0,4,252,2,234,16
广西壮族自治区,2020年3月11日,0,0,4,252,2,238,12
广西壮族自治区,2020年3月12日,0,0,3,252,2,241,9
广西壮族自治区,2020年3月13日,0,0,2,252,2,243,7
广西壮族自治区,2020年3月14日,0,0,0,252,2,243,7
广西壮族自治区,2020年3月15日,0,0,0,252,2,243,7
贵州省,2020年1月23日,2,0,0,3,0,0,3
贵州省,2020年1月24日,0,0,0,3,0,0,3
贵州省,2020年1月25日,1,0,0,4,0,0,4
贵州省,2020年1月26日,1,0,0,5,0,0,5
贵州省,2020年1月27日,2,0,0,7,0,0,7
贵州省,2020年1月28日,2,0,0,9,0,0,9
贵州省,2020年1月29日,0,0,1,9,0,1,8
贵州省,2020年1月30日,3,0,0,12,0,1,11
贵州省,2020年1月31日,17,0,1,29,0,2,27
贵州省,2020年2月1日,0,0,0,29,0,2,27
贵州省,2020年2月2日,9,0,0,38,0,2,36
贵州省,2020年2月3日,8,0,0,46,0,2,44
贵州省,2020年2月4日,12,0,0,58,0,2,56
贵州省,2020年2月5日,6,1,7,64,1,9,54
贵州省,2020年2月6日,7,0,-3,71,1,6,64
贵州省,2020年2月7日,10,0,0,81,1,6,74
贵州省,2020年2月8日,8,0,1,89,1,7,81
贵州省,2020年2月9日,10,0,0,99,1,7,91
贵州省,2020年2月10日,10,0,3,109,1,10,98
贵州省,2020年2月11日,18,0,7,127,1,17,109
贵州省,2020年2月12日,6,0,1,133,1,18,114
贵州省,2020年2月13日,2,0,9,135,1,27,107
贵州省,2020年2月14日,5,0,1,140,1,28,111
贵州省,2020年2月15日,3,0,13,143,1,41,101
贵州省,2020年2月16日,1,0,5,144,1,46,97
贵州省,2020年2月17日,2,0,11,146,1,57,88
贵州省,2020年2月18日,0,1,9,146,2,66,78
贵州省,2020年2月19日,0,0,4,146,2,70,74
贵州省,2020年2月20日,0,0,2,146,2,72,72
贵州省,2020年2月21日,0,0,5,146,2,77,67
贵州省,2020年2月22日,0,0,13,146,2,90,54
贵州省,2020年2月23日,0,0,12,146,2,102,42
贵州省,2020年2月24日,0,0,0,146,2,102,42
贵州省,2020年2月25日,0,0,2,146,2,104,40
贵州省,2020年2月26日,0,0,0,146,2,104,40
贵州省,2020年2月27日,0,0,8,146,2,112,32
贵州省,2020年2月28日,0,0,0,146,2,112,32
贵州省,2020年2月29日,0,0,0,146,2,112,32
贵州省,2020年3月1日,0,0,0,146,2,112,32
贵州省,2020年3月2日,0,0,2,146,2,114,30
贵州省,2020年3月3日,0,0,0,146,2,114,30
贵州省,2020年3月4日,0,0,0,146,2,114,30
贵州省,2020年3月5日,0,0,0,146,2,114,30
贵州省,2020年3月6日,0,0,0,146,2,114,30
贵州省,2020年3月7日,0,0,1,146,2,115,29
贵州省,2020年3月8日,0,0,2,146,2,117,27
贵州省,2020年3月9日,0,0,6,146,2,123,21
贵州省,2020年3月10日,0,0,6,146,2,129,15
贵州省,2020年3月11日,0,0,4,146,2,133,11
贵州省,2020年3月12日,0,0,4,146,2,137,7
贵州省,2020年3月13日,0,0,3,146,2,140,4
贵州省,2020年3月14日,0,0,3,146,2,143,1
贵州省,2020年3月15日,0,0,0,146,2,143,1
海南省,2020年1月23日,1,0,0,5,0,0,5
海南省,2020年1月24日,3,0,0,8,0,0,8
海南省,2020年1月25日,11,0,0,19,0,0,19
海南省,2020年1月26日,3,0,0,22,0,0,22
海南省,2020年1月27日,11,1,0,33,1,0,32
海南省,2020年1月28日,7,0,0,40,1,0,39
海南省,2020年1月29日,3,0,0,43,1,0,42
海南省,2020年1月30日,3,0,1,46,1,1,44
海南省,2020年1月31日,6,0,0,52,1,1,50
海南省,2020年2月1日,10,0,0,62,1,1,60
海南省,2020年2月2日,2,0,3,64,1,4,59
海南省,2020年2月3日,8,0,0,72,1,4,67
海南省,2020年2月4日,8,0,1,80,1,5,74
海南省,2020年2月5日,19,0,0,99,1,5,93
海南省,2020年2月6日,7,0,3,106,1,8,97
海南省,2020年2月7日,11,1,2,117,2,10,105
海南省,2020年2月8日,7,0,4,124,2,14,108
海南省,2020年2月9日,7,1,5,131,3,19,109
海南省,2020年2月10日,7,0,0,138,3,19,116
海南省,2020年2月11日,6,0,1,144,3,20,121
海南省,2020年2月12日,13,1,7,157,4,27,126
海南省,2020年2月13日,0,0,3,157,4,30,123
海南省,2020年2月14日,2,0,13,159,4,43,112
海南省,2020年2月15日,3,0,-4,162,4,39,119
海南省,2020年2月16日,0,0,13,162,4,52,106
海南省,2020年2月17日,1,0,7,163,4,59,100
海南省,2020年2月18日,0,0,20,163,4,79,80
海南省,2020年2月19日,5,0,5,168,4,84,80
海南省,2020年2月20日,0,0,2,168,4,86,78
海南省,2020年2月21日,0,0,9,168,4,95,69
海南省,2020年2月22日,0,0,9,168,4,104,60
海南省,2020年2月23日,0,1,2,168,5,106,57
海南省,2020年2月24日,0,0,10,168,5,116,47
海南省,2020年2月25日,0,0,8,168,5,124,39
海南省,2020年2月26日,0,0,5,168,5,129,34
海南省,2020年2月27日,0,0,2,168,5,131,32
海南省,2020年2月28日,0,0,2,168,5,133,30
海南省,2020年2月29日,0,0,15,168,5,148,15
海南省,2020年3月1日,0,0,1,168,5,149,14
海南省,2020年3月2日,0,0,2,168,5,151,12
海南省,2020年3月3日,0,0,4,168,5,155,8
海南省,2020年3月4日,0,0,3,168,5,158,5
海南省,2020年3月5日,0,1,0,168,6,158,4
海南省,2020年3月6日,0,0,0,168,6,158,4
海南省,2020年3月7日,0,0,0,168,6,158,4
海南省,2020年3月8日,0,0,1,168,6,159,3
海南省,2020年3月9日,0,0,0,168,6,159,3
海南省,2020年3月10日,0,0,0,168,6,159,3
海南省,2020年3月11日,0,0,0,168,6,159,3
海南省,2020年3月12日,0,0,1,168,6,160,2
海南省,2020年3月13日,0,0,0,168,6,160,2
海南省,2020年3月14日,0,0,0,168,6,160,2
海南省,2020年3月15日,0,0,0,168,6,160,2
河北省,2020年1月23日,0,1,0,1,1,0,0
河北省,2020年1月24日,1,0,0,2,1,0,1
河北省,2020年1月25日,6,0,0,8,1,0,7
河北省,2020年1月26日,5,0,0,13,1,0,12
河北省,2020年1月27日,5,0,0,18,1,0,17
河北省,2020年1月28日,15,0,0,33,1,0,32
河北省,2020年1月29日,15,0,0,48,1,0,47
河北省,2020年1月30日,17,0,0,65,1,0,64
河北省,2020年1月31日,17,0,0,82,1,0,81
河北省,2020年2月1日,14,0,0,96,1,0,95
河北省,2020年2月2日,8,0,3,104,1,3,100
河北省,2020年2月3日,9,0,0,113,1,3,109
河北省,2020年2月4日,13,0,1,126,1,4,121
河北省,2020年2月5日,9,0,2,135,1,6,128
河北省,2020年2月6日,22,0,7,157,1,13,143
河北省,2020年2月7日,15,0,9,172,1,22,149
河北省,2020年2月8日,23,0,8,195,1,30,164
河北省,2020年2月9日,11,1,4,206,2,34,170
河北省,2020年2月10日,12,0,7,218,2,41,175
河北省,2020年2月11日,21,0,7,239,2,48,189
河北省,2020年2月12日,12,0,6,251,2,54,195
河北省,2020年2月13日,14,1,14,265,3,68,194
河北省,2020年2月14日,18,0,19,283,3,87,193
河北省,2020年2月15日,8,0,14,291,3,101,187
河北省,2020年2月16日,9,0,4,300,3,105,192
河北省,2020年2月17日,1,0,17,301,3,122,176
河北省,2020年2月18日,5,1,14,306,4,136,166
河北省,2020年2月19日,0,0,16,306,4,152,150
河北省,2020年2月20日,1,1,17,307,5,169,133
河北省,2020年2月21日,1,0,15,308,5,184,119
河北省,2020年2月22日,1,1,19,309,6,203,100
河北省,2020年2月23日,2,0,16,311,6,219,86
河北省,2020年2月24日,0,0,15,311,6,234,71
河北省,2020年2月25日,0,0,14,311,6,248,57
河北省,2020年2月26日,1,0,13,312,6,261,45
河北省,2020年2月27日,5,0,13,317,6,274,37
河北省,2020年2月28日,1,0,3,318,6,277,35
河北省,2020年2月29日,0,0,5,318,6,282,30
河北省,2020年3月1日,0,0,12,318,6,294,18
河北省,2020年3月2日,0,0,2,318,6,296,16
河北省,2020年3月3日,0,0,4,318,6,300,12
河北省,2020年3月4日,0,0,1,318,6,301,11
河北省,2020年3月5日,0,0,3,318,6,304,8
河北省,2020年3月6日,0,0,1,318,6,305,7
河北省,2020年3月7日,0,0,2,318,6,307,5
河北省,2020年3月8日,0,0,0,318,6,307,5
河北省,2020年3月9日,0,0,0,318,6,307,5
河北省,2020年3月10日,0,0,0,318,6,307,5
河北省,2020年3月11日,0,0,0,318,6,307,5
河北省,2020年3月12日,0,0,1,318,6,308,4
河北省,2020年3月13日,0,0,2,318,6,310,2
河北省,2020年3月14日,0,0,0,318,6,310,2
河北省,2020年3月15日,0,0,0,318,6,310,2
河南省,2020年1月23日,0,0,0,5,0,0,5
河南省,2020年1月24日,4,0,0,9,0,0,9
河南省,2020年1月25日,23,0,0,32,0,0,32
河南省,2020年1月26日,51,1,0,83,1,0,82
河南省,2020年1月27日,45,0,0,128,1,0,127
河南省,2020年1月28日,40,0,0,168,1,0,167
河南省,2020年1月29日,38,1,1,206,2,1,203
河南省,2020年1月30日,72,0,1,278,2,2,274
河南省,2020年1月31日,74,0,1,352,2,3,347
河南省,2020年2月1日,70,0,0,422,2,3,417
河南省,2020年2月2日,71,0,7,493,2,10,481
河南省,2020年2月3日,73,0,6,566,2,16,548
河南省,2020年2月4日,109,0,11,675,2,27,646
河南省,2020年2月5日,89,0,20,764,2,47,715
河南省,2020年2月6日,87,0,9,851,2,56,793
河南省,2020年2月7日,63,1,30,914,3,86,825
河南省,2020年2月8日,67,1,30,981,4,116,861
河南省,2020年2月9日,52,2,37,1033,6,153,874
河南省,2020年2月10日,40,0,38,1073,6,191,876
河南省,2020年2月11日,32,1,27,1105,7,218,880
河南省,2020年2月12日,30,1,28,1135,8,246,881
河南省,2020年2月13日,34,2,50,1169,10,296,863
河南省,2020年2月14日,15,1,61,1184,11,357,816
河南省,2020年2月15日,28,2,34,1212,13,391,808
河南省,2020年2月16日,19,0,49,1231,13,440,778
河南省,2020年2月17日,15,3,69,1246,16,509,721
河南省,2020年2月18日,11,3,13,1257,19,522,716
河南省,2020年2月19日,5,0,51,1262,19,573,670
河南省,2020年2月20日,3,0,64,1265,19,637,609
河南省,2020年2月21日,2,0,99,1267,19,736,512
河南省,2020年2月22日,3,0,94,1270,19,830,421
河南省,2020年2月23日,1,0,38,1271,19,868,384
河南省,2020年2月24日,0,0,75,1271,19,943,309
河南省,2020年2月25日,0,0,59,1271,19,1002,250
河南省,2020年2月26日,0,0,31,1271,19,1033,219
河南省,2020年2月27日,1,1,35,1272,20,1068,184
河南省,2020年2月28日,0,0,44,1272,20,1112,140
河南省,2020年2月29日,0,1,58,1272,21,1170,81
河南省,2020年3月1日,0,1,28,1272,22,1198,52
河南省,2020年3月2日,0,0,7,1272,22,1205,45
河南省,2020年3月3日,0,0,26,1272,22,1231,19
河南省,2020年3月4日,0,0,3,1272,22,1234,16
河南省,2020年3月5日,0,0,5,1272,22,1239,11
河南省,2020年3月6日,0,0,5,1272,22,1244,6
河南省,2020年3月7日,0,0,0,1272,22,1244,6
河南省,2020年3月8日,0,0,3,1272,22,1247,3
河南省,2020年3月9日,0,0,0,1272,22,1247,3
河南省,2020年3月10日,0,0,0,1272,22,1247,3
河南省,2020年3月11日,1,0,2,1273,22,1249,2
河南省,2020年3月12日,0,0,0,1273,22,1249,2
河南省,2020年3月13日,0,0,0,1273,22,1249,2
河南省,2020年3月14日,0,0,1,1273,22,1250,1
河南省,2020年3月15日,0,0,0,1273,22,1250,1
黑龙江省,2020年1月23日,2,0,0,2,0,0,2
黑龙江省,2020年1月24日,2,1,0,4,1,0,3
黑龙江省,2020年1月25日,5,0,0,9,1,0,8
黑龙江省,2020年1月26日,6,0,0,15,1,0,14
黑龙江省,2020年1月27日,6,0,0,21,1,0,20
黑龙江省,2020年1月28日,12,0,0,33,1,0,32
黑龙江省,2020年1月29日,5,0,0,38,1,0,37
黑龙江省,2020年1月30日,6,1,0,44,2,0,42
黑龙江省,2020年1月31日,15,0,0,59,2,0,57
黑龙江省,2020年2月1日,21,0,2,80,2,2,76
黑龙江省,2020年2月2日,15,0,0,95,2,2,91
黑龙江省,2020年2月3日,26,0,0,121,2,2,117
黑龙江省,2020年2月4日,34,0,2,155,2,4,149
黑龙江省,2020年2月5日,35,0,3,190,2,7,181
黑龙江省,2020年2月6日,37,1,1,227,3,8,216
黑龙江省,2020年2月7日,50,0,4,277,3,12,262
黑龙江省,2020年2月8日,18,2,1,295,5,13,277
黑龙江省,2020年2月9日,12,1,1,307,6,14,287
黑龙江省,2020年2月10日,24,1,16,331,7,30,294
黑龙江省,2020年2月11日,29,1,-2,360,8,28,324
黑龙江省,2020年2月12日,18,0,3,378,8,31,339
黑龙江省,2020年2月13日,17,1,2,395,9,33,353
黑龙江省,2020年2月14日,24,2,14,419,11,47,361
黑龙江省,2020年2月15日,6,0,21,425,11,68,346
黑龙江省,2020年2月16日,20,0,11,445,11,79,355
黑龙江省,2020年2月17日,12,0,6,457,11,85,361
黑龙江省,2020年2月18日,7,0,26,464,11,111,342
黑龙江省,2020年2月19日,6,1,9,470,12,120,338
黑龙江省,2020年2月20日,6,0,16,476,12,136,328
黑龙江省,2020年2月21日,3,0,39,479,12,175,292
黑龙江省,2020年2月22日,0,0,29,479,12,204,263
黑龙江省,2020年2月23日,1,0,18,480,12,222,246
黑龙江省,2020年2月24日,0,0,5,480,12,227,241
黑龙江省,2020年2月25日,0,0,16,480,12,243,225
黑龙江省,2020年2月26日,0,0,6,480,12,249,219
黑龙江省,2020年2月27日,0,1,21,480,13,270,197
黑龙江省,2020年2月28日,0,0,13,480,13,283,184
黑龙江省,2020年2月29日,0,0,18,480,13,301,166
黑龙江省,2020年3月1日,0,0,41,480,13,342,125
黑龙江省,2020年3月2日,0,0,14,480,13,356,111
黑龙江省,2020年3月3日,0,0,10,480,13,366,101
黑龙江省,2020年3月4日,0,0,7,480,13,373,94
黑龙江省,2020年3月5日,1,0,6,481,13,379,89
黑龙江省,2020年3月6日,0,0,17,481,13,396,72
黑龙江省,2020年3月7日,0,0,7,481,13,403,65
黑龙江省,2020年3月8日,0,0,9,481,13,412,56
黑龙江省,2020年3月9日,0,0,18,481,13,430,38
黑龙江省,2020年3月10日,0,0,4,481,13,434,34
黑龙江省,2020年3月11日,1,0,2,482,13,436,33
黑龙江省,2020年3月12日,0,0,5,482,13,441,28
黑龙江省,2020年3月13日,0,0,5,482,13,446,23
黑龙江省,2020年3月14日,0,0,1,482,13,447,22
黑龙江省,2020年3月15日,0,0,6,482,13,453,16
湖北省,2020年1月23日,0,0,0,444,17,28,399
湖北省,2020年1月24日,105,7,3,549,24,31,494
湖北省,2020年1月25日,212,16,1,761,40,32,689
湖北省,2020年1月26日,297,12,10,1058,52,42,964
湖北省,2020年1月27日,365,24,3,1423,76,45,1302
湖北省,2020年1月28日,2131,49,35,3554,125,80,3349
湖北省,2020年1月29日,0,0,8,3554,125,88,3341
湖北省,2020年1月30日,1349,37,2,4903,162,90,4651
湖北省,2020年1月31日,903,42,51,5806,204,141,5461
湖北省,2020年2月1日,1347,45,27,7153,249,168,6736
湖北省,2020年2月2日,4024,101,127,11177,350,295,10532
湖北省,2020年2月3日,2345,64,91,13522,414,386,12722
湖北省,2020年2月4日,3156,65,136,16678,479,522,15677
湖北省,2020年2月5日,2987,70,111,19665,549,633,18483
湖北省,2020年2月6日,2447,69,184,22112,618,817,20677
湖北省,2020年2月7日,2841,81,298,24953,699,1115,23139
湖北省,2020年2月8日,2147,81,324,27100,780,1439,24881
湖北省,2020年2月9日,2531,91,356,29631,871,1795,26965
湖北省,2020年2月10日,2097,103,427,31728,974,2222,28532
湖北省,2020年2月11日,1638,94,417,33366,1068,2639,29659
湖北省,2020年2月12日,0,0,47,33366,1068,2686,29612
湖北省,2020年2月13日,14840,242,773,48206,1310,3459,43437
湖北省,2020年2月14日,6200,147,1315,54406,1457,4774,48175
湖北省,2020年2月15日,1843,139,849,56249,1596,5623,49030
湖北省,2020年2月16日,1933,100,1016,58182,1696,6639,49847
湖北省,2020年2月17日,1807,93,1223,59989,1789,7862,50338
湖北省,2020年2月18日,1693,132,1266,61682,1921,9128,50633
湖北省,2020年2月19日,349,108,1209,62031,2029,10337,49665
湖北省,2020年2月20日,411,115,1451,62442,2144,11788,48510
湖北省,2020年2月21日,220,0,93,62662,2144,11881,48637
湖北省,2020年2月22日,1422,202,3418,64084,2346,15299,46439
湖北省,2020年2月23日,0,0,44,64084,2346,15343,46395
湖北省,2020年2月24日,203,149,1405,64287,2495,16748,45044
湖北省,2020年2月25日,499,68,2223,64786,2563,18971,43252
湖北省,2020年2月26日,401,52,1998,65187,2615,20969,41603
湖北省,2020年2月27日,409,26,2414,65596,2641,23383,39572
湖北省,2020年2月28日,318,41,3020,65914,2682,26403,36829
湖北省,2020年2月29日,423,45,2590,66337,2727,28993,34617
湖北省,2020年3月1日,570,34,2543,66907,2761,31536,32610
湖北省,2020年3月2日,196,42,2398,67103,2803,33934,30366
湖北省,2020年3月3日,114,32,2274,67217,2835,36208,28174
湖北省,2020年3月4日,115,36,2349,67332,2871,38557,25904
湖北省,2020年3月5日,134,31,2035,67466,2902,40592,23972
湖北省,2020年3月6日,126,29,1441,67592,2931,42033,22628
湖北省,2020年3月7日,74,28,1467,67666,2959,43500,21207
湖北省,2020年3月8日,41,27,1735,67707,2986,45235,19486
湖北省,2020年3月9日,36,22,1253,67743,3008,46488,18247
湖北省,2020年3月10日,17,16,1255,67760,3024,47743,16993
湖北省,2020年3月11日,13,22,1391,67773,3046,49134,15593
湖北省,2020年3月12日,8,10,1184,67781,3056,50318,14407
湖北省,2020年3月13日,5,6,1235,67786,3062,51553,13171
湖北省,2020年3月14日,4,13,1407,67790,3075,52960,11755
湖北省,2020年3月15日,4,10,1328,67794,3085,54288,10421
湖南省,2020年1月23日,5,0,0,9,0,0,9
湖南省,2020年1月24日,15,0,0,24,0,0,24
湖南省,2020年1月25日,19,0,0,43,0,0,43
湖南省,2020年1月26日,26,0,0,69,0,0,69
湖南省,2020年1月27日,31,0,0,100,0,0,100
湖南省,2020年1月28日,43,0,0,143,0,0,143
湖南省,2020年1月29日,78,0,0,221,0,0,221
湖南省,2020年1月30日,56,0,2,277,0,2,275
湖南省,2020年1月31日,55,0,0,332,0,2,330
湖南省,2020年2月1日,57,0,6,389,0,8,381
湖南省,2020年2月2日,74,0,8,463,0,16,447
湖南省,2020年2月3日,58,0,6,521,0,22,499
湖南省,2020年2月4日,72,0,9,593,0,31,562
湖南省,2020年2月5日,68,0,23,661,0,54,607
湖南省,2020年2月6日,50,0,27,711,0,81,630
湖南省,2020年2月7日,61,0,31,772,0,112,660
湖南省,2020年2月8日,31,1,44,803,1,156,646
湖南省,2020年2月9日,35,0,30,838,1,186,651
湖南省,2020年2月10日,41,0,22,879,1,208,670
湖南省,2020年2月11日,33,0,39,912,1,247,664
湖南省,2020年2月12日,34,1,57,946,2,304,640
湖南省,2020年2月13日,22,0,35,968,2,339,627
湖南省,2020年2月14日,20,0,25,988,2,364,622
湖南省,2020年2月15日,13,0,61,1001,2,425,574
湖南省,2020年2月16日,3,1,39,1004,3,464,537
湖南省,2020年2月17日,2,0,34,1006,3,498,505
湖南省,2020年2月18日,1,1,29,1007,4,527,476
湖南省,2020年2月19日,1,0,34,1008,4,561,443
湖南省,2020年2月20日,2,0,73,1010,4,634,372
湖南省,2020年2月21日,1,0,27,1011,4,661,346
湖南省,2020年2月22日,2,0,31,1013,4,692,317
湖南省,2020年2月23日,3,0,22,1016,4,714,298
湖南省,2020年2月24日,0,0,17,1016,4,731,281
湖南省,2020年2月25日,0,0,37,1016,4,768,244
湖南省,2020年2月26日,0,0,15,1016,4,783,229
湖南省,2020年2月27日,1,0,21,1017,4,804,209
湖南省,2020年2月28日,0,0,26,1017,4,830,183
湖南省,2020年2月29日,1,0,16,1018,4,846,168
湖南省,2020年3月1日,0,0,20,1018,4,866,148
湖南省,2020年3月2日,0,0,21,1018,4,887,127
湖南省,2020年3月3日,0,0,19,1018,4,906,108
湖南省,2020年3月4日,0,0,10,1018,4,916,98
湖南省,2020年3月5日,0,0,22,1018,4,938,76
湖南省,2020年3月6日,0,0,17,1018,4,955,59
湖南省,2020年3月7日,0,0,5,1018,4,960,54
湖南省,2020年3月8日,0,0,8,1018,4,968,46
湖南省,2020年3月9日,0,0,11,1018,4,979,35
湖南省,2020年3月10日,0,0,11,1018,4,990,24
湖南省,2020年3月11日,0,0,5,1018,4,995,19
湖南省,2020年3月12日,0,0,4,1018,4,999,15
湖南省,2020年3月13日,0,0,6,1018,4,1005,9
湖南省,2020年3月14日,0,0,9,1018,4,1014,0
湖南省,2020年3月15日,0,0,0,1018,4,1014,0
吉林省,2020年1月23日,1,0,0,1,0,0,1
吉林省,2020年1月24日,2,0,0,3,0,0,3
吉林省,2020年1月25日,1,0,0,4,0,0,4
吉林省,2020年1月26日,0,0,0,4,0,0,4
吉林省,2020年1月27日,2,0,0,6,0,0,6
吉林省,2020年1月28日,2,0,0,8,0,0,8
吉林省,2020年1月29日,1,0,0,9,0,0,9
吉林省,2020年1月30日,5,0,1,14,0,1,13
吉林省,2020年1月31日,0,0,0,14,0,1,13
吉林省,2020年2月1日,3,0,0,17,0,1,16
吉林省,2020年2月2日,6,0,0,23,0,1,22
吉林省,2020年2月3日,8,0,0,31,0,1,30
吉林省,2020年2月4日,11,0,0,42,0,1,41
吉林省,2020年2月5日,12,0,1,54,0,2,52
吉林省,2020年2月6日,5,0,2,59,0,4,55
吉林省,2020年2月7日,6,1,0,65,1,4,60
吉林省,2020年2月8日,4,0,0,69,1,4,64
吉林省,2020年2月9日,9,0,8,78,1,12,65
吉林省,2020年2月10日,2,0,1,80,1,13,66
吉林省,2020年2月11日,1,0,5,81,1,18,62
吉林省,2020年2月12日,2,0,4,83,1,22,60
吉林省,2020年2月13日,1,0,2,84,1,24,59
吉林省,2020年2月14日,2,0,1,86,1,25,60
吉林省,2020年2月15日,2,0,1,88,1,26,61
吉林省,2020年2月16日,1,0,4,89,1,30,58
吉林省,2020年2月17日,0,0,4,89,1,34,54
吉林省,2020年2月18日,0,0,2,89,1,36,52
吉林省,2020年2月19日,1,0,1,90,1,37,52
吉林省,2020年2月20日,1,0,6,91,1,43,47
吉林省,2020年2月21日,0,0,2,91,1,45,45
吉林省,2020年2月22日,0,0,7,91,1,52,38
吉林省,2020年2月23日,0,0,2,91,1,54,36
吉林省,2020年2月24日,2,0,6,93,1,60,32
吉林省,2020年2月25日,0,0,3,93,1,63,29
吉林省,2020年2月26日,0,0,2,93,1,65,27
吉林省,2020年2月27日,0,0,2,93,1,67,25
吉林省,2020年2月28日,0,0,6,93,1,73,19
吉林省,2020年2月29日,0,0,2,93,1,75,17
吉林省,2020年3月1日,0,0,3,93,1,78,14
吉林省,2020年3月2日,0,0,5,93,1,83,9
吉林省,2020年3月3日,0,0,0,93,1,83,9
吉林省,2020年3月4日,0,0,3,93,1,86,6
吉林省,2020年3月5日,0,0,2,93,1,88,4
吉林省,2020年3月6日,0,0,2,93,1,90,2
吉林省,2020年3月7日,0,0,0,93,1,90,2
吉林省,2020年3月8日,0,0,0,93,1,90,2
吉林省,2020年3月9日,0,0,1,93,1,91,1
吉林省,2020年3月10日,0,0,0,93,1,91,1
吉林省,2020年3月11日,0,0,0,93,1,91,1
吉林省,2020年3月12日,0,0,0,93,1,91,1
吉林省,2020年3月13日,0,0,0,93,1,91,1
吉林省,2020年3月14日,0,0,0,93,1,91,1
吉林省,2020年3月15日,0,0,0,93,1,91,1
江苏省,2020年1月23日,4,0,0,5,0,0,5
江苏省,2020年1月24日,4,0,0,9,0,0,9
江苏省,2020年1月25日,9,0,1,18,0,1,17
江苏省,2020年1月26日,15,0,0,33,0,1,32
江苏省,2020年1月27日,14,0,0,47,0,1,46
江苏省,2020年1月28日,23,0,0,70,0,1,69
江苏省,2020年1月29日,29,0,0,99,0,1,98
江苏省,2020年1月30日,30,0,0,129,0,1,128
江苏省,2020年1月31日,39,0,4,168,0,5,163
江苏省,2020年2月1日,34,0,1,202,0,6,196
江苏省,2020年2月2日,34,0,1,236,0,7,229
江苏省,2020年2月3日,35,0,1,271,0,8,263
江苏省,2020年2月4日,37,0,4,308,0,12,296
江苏省,2020年2月5日,33,0,11,341,0,23,318
江苏省,2020年2月6日,32,0,11,373,0,34,339
江苏省,2020年2月7日,35,0,9,408,0,43,365
江苏省,2020年2月8日,31,0,8,439,0,51,388
江苏省,2020年2月9日,29,0,20,468,0,71,397
江苏省,2020年2月10日,24,0,10,492,0,81,411
江苏省,2020年2月11日,23,0,12,515,0,93,422
江苏省,2020年2月12日,28,0,32,543,0,125,418
江苏省,2020年2月13日,27,0,14,570,0,139,431
江苏省,2020年2月14日,23,0,18,593,0,157,436
江苏省,2020年2月15日,11,0,29,604,0,186,418
江苏省,2020年2月16日,13,0,32,617,0,218,399
江苏省,2020年2月17日,9,0,40,626,0,258,368
江苏省,2020年2月18日,3,0,22,629,0,280,349
江苏省,2020年2月19日,2,0,38,631,0,318,313
江苏省,2020年2月20日,0,0,38,631,0,356,275
江苏省,2020年2月21日,0,0,17,631,0,373,258
江苏省,2020年2月22日,0,0,28,631,0,401,230
江苏省,2020年2月23日,0,0,17,631,0,418,213
江苏省,2020年2月24日,0,0,34,631,0,452,179
江苏省,2020年2月25日,0,0,6,631,0,458,173
江苏省,2020年2月26日,0,0,20,631,0,478,153
江苏省,2020年2月27日,0,0,20,631,0,498,133
江苏省,2020年2月28日,0,0,17,631,0,515,116
江苏省,2020年2月29日,0,0,8,631,0,523,108
江苏省,2020年3月1日,0,0,13,631,0,536,95
江苏省,2020年3月2日,0,0,7,631,0,543,88
江苏省,2020年3月3日,0,0,19,631,0,562,69
江苏省,2020年3月4日,0,0,15,631,0,577,54
江苏省,2020年3月5日,0,0,6,631,0,583,48
江苏省,2020年3月6日,0,0,11,631,0,594,37
江苏省,2020年3月7日,0,0,12,631,0,606,25
江苏省,2020年3月8日,0,0,6,631,0,612,19
江苏省,2020年3月9日,0,0,9,631,0,621,10
江苏省,2020年3月10日,0,0,6,631,0,627,4
江苏省,2020年3月11日,0,0,0,631,0,627,4
江苏省,2020年3月12日,0,0,2,631,0,629,2
江苏省,2020年3月13日,0,0,1,631,0,630,1
江苏省,2020年3月14日,0,0,0,631,0,630,1
江苏省,2020年3月15日,0,0,1,631,0,631,0
江西省,2020年1月23日,5,0,0,7,0,0,7
江西省,2020年1月24日,11,0,0,18,0,0,18
江西省,2020年1月25日,0,0,0,18,0,0,18
江西省,2020年1月26日,18,0,0,36,0,0,36
江西省,2020年1月27日,36,0,2,72,0,2,70
江西省,2020年1月28日,37,0,1,109,0,3,106
江西省,2020年1月29日,0,0,0,109,0,3,106
江西省,2020年1月30日,53,0,2,162,0,5,157
江西省,2020年1月31日,78,0,2,240,0,7,233
江西省,2020年2月1日,46,0,2,286,0,9,277
江西省,2020年2月2日,47,0,3,333,0,12,321
江西省,2020年2月3日,58,0,6,391,0,18,373
江西省,2020年2月4日,85,0,2,476,0,20,456
江西省,2020年2月5日,72,0,7,548,0,27,521
江西省,2020年2月6日,52,0,10,600,0,37,563
江西省,2020年2月7日,61,0,8,661,0,45,616
江西省,2020年2月8日,37,0,10,698,0,55,643
江西省,2020年2月9日,42,0,18,740,0,73,667
江西省,2020年2月10日,31,1,32,771,1,105,665
江西省,2020年2月11日,33,0,23,804,1,128,675
江西省,2020年2月12日,40,0,24,844,1,152,691
江西省,2020年2月13日,28,0,18,872,1,170,701
江西省,2020年2月14日,28,0,17,900,1,187,712
江西省,2020年2月15日,13,0,23,913,1,210,702
江西省,2020年2月16日,12,0,30,925,1,240,684
江西省,2020年2月17日,5,0,35,930,1,275,654
江西省,2020年2月18日,3,0,35,933,1,310,622
江西省,2020年2月19日,1,0,52,934,1,362,571
江西省,2020年2月20日,0,0,71,934,1,433,500
江西省,2020年2月21日,0,0,56,934,1,489,444
江西省,2020年2月22日,0,0,66,934,1,555,378
江西省,2020年2月23日,0,0,58,934,1,613,320
江西省,2020年2月24日,0,0,32,934,1,645,288
江西省,2020年2月25日,0,0,38,934,1,683,250
江西省,2020年2月26日,0,0,36,934,1,719,214
江西省,2020年2月27日,0,0,35,934,1,754,179
江西省,2020年2月28日,1,0,36,935,1,790,144
江西省,2020年2月29日,0,0,21,935,1,811,123
江西省,2020年3月1日,0,0,20,935,1,831,103
江西省,2020年3月2日,0,0,19,935,1,850,84
江西省,2020年3月3日,0,0,20,935,1,870,64
江西省,2020年3月4日,0,0,14,935,1,884,50
江西省,2020年3月5日,0,0,17,935,1,901,33
江西省,2020年3月6日,0,0,8,935,1,909,25
江西省,2020年3月7日,0,0,7,935,1,916,18
江西省,2020年3月8日,0,0,3,935,1,919,15
江西省,2020年3月9日,0,0,4,935,1,923,11
江西省,2020年3月10日,0,0,4,935,1,927,7
江西省,2020年3月11日,0,0,5,935,1,932,2
江西省,2020年3月12日,0,0,2,935,1,934,0
江西省,2020年3月13日,0,0,0,935,1,934,0
江西省,2020年3月14日,0,0,0,935,1,934,0
江西省,2020年3月15日,0,0,0,935,1,934,0
辽宁省,2020年1月23日,1,0,0,3,0,0,3
辽宁省,2020年1月24日,1,0,0,4,0,0,4
辽宁省,2020年1月25日,13,0,0,17,0,0,17
辽宁省,2020年1月26日,4,0,0,21,0,0,21
辽宁省,2020年1月27日,6,0,0,27,0,0,27
辽宁省,2020年1月28日,7,0,0,34,0,0,34
辽宁省,2020年1月29日,5,0,1,39,0,1,38
辽宁省,2020年1月30日,2,0,0,41,0,1,40
辽宁省,2020年1月31日,7,0,0,48,0,1,47
辽宁省,2020年2月1日,16,0,0,64,0,1,63
辽宁省,2020年2月2日,6,0,0,70,0,1,69
辽宁省,2020年2月3日,4,0,0,74,0,1,73
辽宁省,2020年2月4日,7,0,1,81,0,2,79
辽宁省,2020年2月5日,8,0,2,89,0,4,85
辽宁省,2020年2月6日,5,0,1,94,0,5,89
辽宁省,2020年2月7日,5,0,2,99,0,7,92
辽宁省,2020年2月8日,6,0,1,105,0,8,97
辽宁省,2020年2月9日,2,0,4,107,0,12,95
辽宁省,2020年2月10日,1,0,1,108,0,13,95
辽宁省,2020年2月11日,3,0,6,111,0,19,92
辽宁省,2020年2月12日,5,1,1,116,1,20,95
辽宁省,2020年2月13日,1,0,2,117,1,22,94
辽宁省,2020年2月14日,2,0,7,119,1,29,89
辽宁省,2020年2月15日,0,0,2,119,1,31,87
辽宁省,2020年2月16日,2,0,9,121,1,40,80
辽宁省,2020年2月17日,0,0,3,121,1,43,77
辽宁省,2020年2月18日,0,0,10,121,1,53,67
辽宁省,2020年2月19日,0,0,2,121,1,55,65
辽宁省,2020年2月20日,0,0,4,121,1,59,61
辽宁省,2020年2月21日,0,0,2,121,1,61,59
辽宁省,2020年2月22日,0,0,5,121,1,66,54
辽宁省,2020年2月23日,0,0,7,121,1,73,47
辽宁省,2020年2月24日,0,0,7,121,1,80,40
辽宁省,2020年2月25日,0,0,3,121,1,83,37
辽宁省,2020年2月26日,0,0,5,121,1,88,32
辽宁省,2020年2月27日,0,0,5,121,1,93,27
辽宁省,2020年2月28日,0,0,0,121,1,93,27
辽宁省,2020年2月29日,0,0,3,121,1,96,24
辽宁省,2020年3月1日,1,0,7,122,1,103,18
辽宁省,2020年3月2日,0,0,0,122,1,103,18
辽宁省,2020年3月3日,3,0,3,125,1,106,18
辽宁省,2020年3月4日,0,0,0,125,1,106,18
辽宁省,2020年3月5日,0,0,0,125,1,106,18
辽宁省,2020年3月6日,0,0,0,125,1,106,18
辽宁省,2020年3月7日,0,0,1,125,1,107,17
辽宁省,2020年3月8日,0,0,2,125,1,109,15
辽宁省,2020年3月9日,0,0,0,125,1,109,15
辽宁省,2020年3月10日,0,0,2,125,1,111,13
辽宁省,2020年3月11日,0,0,0,125,1,111,13
辽宁省,2020年3月12日,0,0,1,125,1,112,12
辽宁省,2020年3月13日,0,0,0,125,1,112,12
辽宁省,2020年3月14日,0,0,1,125,1,113,11
辽宁省,2020年3月15日,0,0,1,125,1,114,10
内蒙古自治区,2020年1月23日,0,0,0,0,0,0,0
内蒙古自治区,2020年1月24日,1,0,0,1,0,0,1
内蒙古自治区,2020年1月25日,6,0,0,7,0,0,7
内蒙古自治区,2020年1月26日,0,0,0,7,0,0,7
内蒙古自治区,2020年1月27日,4,0,0,11,0,0,11
内蒙古自治区,2020年1月28日,4,0,0,15,0,0,15
内蒙古自治区,2020年1月29日,1,0,0,16,0,0,16
内蒙古自治区,2020年1月30日,3,0,0,19,0,0,19
内蒙古自治区,2020年1月31日,1,0,1,20,0,1,19
内蒙古自治区,2020年2月1日,3,0,0,23,0,1,22
内蒙古自治区,2020年2月2日,4,0,0,27,0,1,26
内蒙古自治区,2020年2月3日,7,0,0,34,0,1,33
内蒙古自治区,2020年2月4日,1,0,0,35,0,1,34
内蒙古自治区,2020年2月5日,7,0,2,42,0,3,39
内蒙古自治区,2020年2月6日,4,0,1,46,0,4,42
内蒙古自治区,2020年2月7日,4,0,1,50,0,5,45
内蒙古自治区,2020年2月8日,2,0,0,52,0,5,47
内蒙古自治区,2020年2月9日,2,0,0,54,0,5,49
内蒙古自治区,2020年2月10日,4,0,0,58,0,5,53
内蒙古自治区,2020年2月11日,0,0,0,58,0,5,53
内蒙古自治区,2020年2月12日,2,0,1,60,0,6,54
内蒙古自治区,2020年2月13日,1,0,0,61,0,6,55
内蒙古自治区,2020年2月14日,4,0,0,65,0,6,59
内蒙古自治区,2020年2月15日,3,0,1,68,0,7,61
内蒙古自治区,2020年2月16日,2,0,1,70,0,8,62
内蒙古自治区,2020年2月17日,2,0,0,72,0,8,64
内蒙古自治区,2020年2月18日,1,0,0,73,0,8,65
内蒙古自治区,2020年2月19日,2,0,2,75,0,10,65
内蒙古自治区,2020年2月20日,0,0,6,75,0,16,59
内蒙古自治区,2020年2月21日,0,0,1,75,0,17,58
内蒙古自治区,2020年2月22日,0,0,9,75,0,26,49
内蒙古自治区,2020年2月23日,0,0,1,75,0,27,48
内蒙古自治区,2020年2月24日,0,0,7,75,0,34,41
内蒙古自治区,2020年2月25日,0,0,1,75,0,35,40
内蒙古自治区,2020年2月26日,0,0,3,75,0,38,37
内蒙古自治区,2020年2月27日,0,0,5,75,0,43,32
内蒙古自治区,2020年2月28日,0,0,2,75,0,45,30
内蒙古自治区,2020年2月29日,0,0,4,75,0,49,26
内蒙古自治区,2020年3月1日,0,0,3,75,0,52,23
内蒙古自治区,2020年3月2日,0,0,2,75,0,54,21
内蒙古自治区,2020年3月3日,0,1,5,75,1,59,15
内蒙古自治区,2020年3月4日,0,0,4,75,1,63,11
内蒙古自治区,2020年3月5日,0,0,2,75,1,65,9
内蒙古自治区,2020年3月6日,0,0,0,75,1,65,9
内蒙古自治区,2020年3月7日,0,0,2,75,1,67,7
内蒙古自治区,2020年3月8日,0,0,3,75,1,70,4
内蒙古自治区,2020年3月9日,0,0,0,75,1,70,4
内蒙古自治区,2020年3月10日,0,0,0,75,1,70,4
内蒙古自治区,2020年3月11日,0,0,1,75,1,71,3
内蒙古自治区,2020年3月12日,0,0,0,75,1,71,3
内蒙古自治区,2020年3月13日,0,0,0,75,1,71,3
内蒙古自治区,2020年3月14日,0,0,0,75,1,71,3
内蒙古自治区,2020年3月15日,0,0,0,75,1,71,3
宁夏回族自治区,2020年1月23日,0,0,0,1,0,0,1
宁夏回族自治区,2020年1月24日,1,0,0,2,0,0,2
宁夏回族自治区,2020年1月25日,1,0,0,3,0,0,3
宁夏回族自治区,2020年1月26日,1,0,0,4,0,0,4
宁夏回族自治区,2020年1月27日,3,0,0,7,0,0,7
宁夏回族自治区,2020年1月28日,4,0,0,11,0,0,11
宁夏回族自治区,2020年1月29日,1,0,0,12,0,0,12
宁夏回族自治区,2020年1月30日,5,0,0,17,0,0,17
宁夏回族自治区,2020年1月31日,4,0,0,21,0,0,21
宁夏回族自治区,2020年2月1日,5,0,0,26,0,0,26
宁夏回族自治区,2020年2月2日,2,0,0,28,0,0,28
宁夏回族自治区,2020年2月3日,3,0,1,31,0,1,30
宁夏回族自治区,2020年2月4日,3,0,0,34,0,1,33
宁夏回族自治区,2020年2月5日,0,0,0,34,0,1,33
宁夏回族自治区,2020年2月6日,6,0,0,40,0,1,39
宁夏回族自治区,2020年2月7日,3,0,4,43,0,5,38
宁夏回族自治区,2020年2月8日,2,0,10,45,0,15,30
宁夏回族自治区,2020年2月9日,0,0,-2,45,0,13,32
宁夏回族自治区,2020年2月10日,4,0,0,49,0,13,36
宁夏回族自治区,2020年2月11日,4,0,9,53,0,22,31
宁夏回族自治区,2020年2月12日,5,0,2,58,0,24,34
宁夏回族自治区,2020年2月13日,6,0,0,64,0,24,40
宁夏回族自治区,2020年2月14日,3,0,0,67,0,24,43
宁夏回族自治区,2020年2月15日,3,0,9,70,0,33,37
宁夏回族自治区,2020年2月16日,0,0,0,70,0,33,37
宁夏回族自治区,2020年2月17日,0,0,2,70,0,35,35
宁夏回族自治区,2020年2月18日,0,0,7,70,0,42,28
宁夏回族自治区,2020年2月19日,1,0,0,71,0,42,29
宁夏回族自治区,2020年2月20日,0,0,2,71,0,44,27
宁夏回族自治区,2020年2月21日,0,0,4,71,0,48,23
宁夏回族自治区,2020年2月22日,0,0,0,71,0,48,23
宁夏回族自治区,2020年2月23日,0,0,8,71,0,56,15
宁夏回族自治区,2020年2月24日,0,0,2,71,0,58,13
宁夏回族自治区,2020年2月25日,0,0,3,71,0,61,10
宁夏回族自治区,2020年2月26日,0,0,4,71,0,65,6
宁夏回族自治区,2020年2月27日,1,0,3,72,0,68,4
宁夏回族自治区,2020年2月28日,0,0,0,72,0,68,4
宁夏回族自治区,2020年2月29日,1,0,1,73,0,69,4
宁夏回族自治区,2020年3月1日,0,0,0,73,0,69,4
宁夏回族自治区,2020年3月2日,1,0,0,74,0,69,5
宁夏回族自治区,2020年3月3日,0,0,0,74,0,69,5
宁夏回族自治区,2020年3月4日,1,0,0,75,0,69,6
宁夏回族自治区,2020年3月5日,0,0,0,75,0,69,6
宁夏回族自治区,2020年3月6日,0,0,2,75,0,71,4
宁夏回族自治区,2020年3月7日,0,0,0,75,0,71,4
宁夏回族自治区,2020年3月8日,0,0,0,75,0,71,4
宁夏回族自治区,2020年3月9日,0,0,0,75,0,71,4
宁夏回族自治区,2020年3月10日,0,0,0,75,0,71,4
宁夏回族自治区,2020年3月11日,0,0,1,75,0,72,3
宁夏回族自治区,2020年3月12日,0,0,0,75,0,72,3
宁夏回族自治区,2020年3月13日,0,0,0,75,0,72,3
宁夏回族自治区,2020年3月14日,0,0,1,75,0,73,2
宁夏回族自治区,2020年3月15日,0,0,0,75,0,73,2
青海省,2020年1月23日,0,0,0,0,0,0,0
青海省,2020年1月24日,0,0,0,0,0,0,0
青海省,2020年1月25日,1,0,0,1,0,0,1
青海省,2020年1月26日,0,0,0,1,0,0,1
青海省,2020年1月27日,5,0,0,6,0,0,6
青海省,2020年1月28日,0,0,0,6,0,0,6
青海省,2020年1月29日,0,0,0,6,0,0,6
青海省,2020年1月30日,2,0,0,8,0,0,8
青海省,2020年1月31日,0,0,0,8,0,0,8
青海省,2020年2月1日,1,0,0,9,0,0,9
青海省,2020年2月2日,2,0,0,11,0,0,11
青海省,2020年2月3日,2,0,0,13,0,0,13
青海省,2020年2月4日,2,0,0,15,0,0,15
青海省,2020年2月5日,2,0,3,17,0,3,14
青海省,2020年2月6日,1,0,0,18,0,3,15
青海省,2020年2月7日,0,0,0,18,0,3,15
青海省,2020年2月8日,0,0,0,18,0,3,15
青海省,2020年2月9日,0,0,0,18,0,3,15
青海省,2020年2月10日,0,0,0,18,0,3,15
青海省,2020年2月11日,0,0,2,18,0,5,13
青海省,2020年2月12日,0,0,4,18,0,9,9
青海省,2020年2月13日,0,0,2,18,0,11,7
青海省,2020年2月14日,0,0,0,18,0,11,7
青海省,2020年2月15日,0,0,2,18,0,13,5
青海省,2020年2月16日,0,0,0,18,0,13,5
青海省,2020年2月17日,0,0,0,18,0,13,5
青海省,2020年2月18日,0,0,2,18,0,15,3
青海省,2020年2月19日,0,0,1,18,0,16,2
青海省,2020年2月20日,0,0,0,18,0,16,2
青海省,2020年2月21日,0,0,2,18,0,18,0
青海省,2020年2月22日,0,0,0,18,0,18,0
青海省,2020年2月23日,0,0,0,18,0,18,0
青海省,2020年2月24日,0,0,0,18,0,18,0
青海省,2020年2月25日,0,0,0,18,0,18,0
青海省,2020年2月26日,0,0,0,18,0,18,0
青海省,2020年2月27日,0,0,0,18,0,18,0
青海省,2020年2月28日,0,0,0,18,0,18,0
青海省,2020年2月29日,0,0,0,18,0,18,0
青海省,2020年3月1日,0,0,0,18,0,18,0
青海省,2020年3月2日,0,0,0,18,0,18,0
青海省,2020年3月3日,0,0,0,18,0,18,0
青海省,2020年3月4日,0,0,0,18,0,18,0
青海省,2020年3月5日,0,0,0,18,0,18,0
青海省,2020年3月6日,0,0,0,18,0,18,0
青海省,2020年3月7日,0,0,0,18,0,18,0
青海省,2020年3月8日,0,0,0,18,0,18,0
青海省,2020年3月9日,0,0,0,18,0,18,0
青海省,2020年3月10日,0,0,0,18,0,18,0
青海省,2020年3月11日,0,0,0,18,0,18,0
青海省,2020年3月12日,0,0,0,18,0,18,0
青海省,2020年3月13日,0,0,0,18,0,18,0
青海省,2020年3月14日,0,0,0,18,0,18,0
青海省,2020年3月15日,0,0,0,18,0,18,0
山东省,2020年1月23日,4,0,0,6,0,0,6
山东省,2020年1月24日,9,0,0,15,0,0,15
山东省,2020年1月25日,12,0,0,27,0,0,27
山东省,2020年1月26日,19,0,0,46,0,0,46
山东省,2020年1月27日,29,0,0,75,0,0,75
山东省,2020年1月28日,20,0,0,95,0,0,95
山东省,2020年1月29日,35,0,1,130,0,1,129
山东省,2020年1月30日,28,0,0,158,0,1,157
山东省,2020年1月31日,26,0,1,184,0,2,182
山东省,2020年2月1日,22,0,1,206,0,3,203
山东省,2020年2月2日,24,0,3,230,0,6,224
山东省,2020年2月3日,29,0,1,259,0,7,252
山东省,2020年2月4日,16,0,4,275,0,11,264
山东省,2020年2月5日,32,0,4,307,0,15,292
山东省,2020年2月6日,40,0,12,347,0,27,320
山东省,2020年2月7日,39,0,10,386,0,37,349
山东省,2020年2月8日,30,0,7,416,0,44,372
山东省,2020年2月9日,28,1,19,444,1,63,380
山东省,2020年2月10日,22,0,3,466,1,66,399
山东省,2020年2月11日,21,0,14,487,1,80,406
山东省,2020年2月12日,10,1,12,497,2,92,403
山东省,2020年2月13日,12,0,13,509,2,105,402
山东省,2020年2月14日,14,0,31,523,2,136,385
山东省,2020年2月15日,9,0,20,532,2,156,374
山东省,2020年2月16日,5,0,17,537,2,173,362
山东省,2020年2月17日,4,0,18,541,2,191,348
山东省,2020年2月18日,2,1,20,543,3,211,329
山东省,2020年2月19日,1,0,20,544,3,231,310
山东省,2020年2月20日,2,1,23,546,4,254,288
山东省,2020年2月21日,203,0,27,749,4,281,464
山东省,2020年2月22日,1,0,21,750,4,302,444
山东省,2020年2月23日,4,0,19,754,4,321,429
山东省,2020年2月24日,1,1,22,755,5,343,407
山东省,2020年2月25日,1,1,12,756,6,355,395
山东省,2020年2月26日,0,0,22,756,6,377,373
山东省,2020年2月27日,0,0,10,756,6,387,363
山东省,2020年2月28日,0,0,18,756,6,405,345
山东省,2020年2月29日,0,0,16,756,6,421,329
山东省,2020年3月1日,2,0,22,758,6,443,309
山东省,2020年3月2日,0,0,17,758,6,460,292
山东省,2020年3月3日,0,0,51,758,6,511,241
山东省,2020年3月4日,0,0,5,758,6,516,236
山东省,2020年3月5日,0,0,62,758,6,578,174
山东省,2020年3月6日,0,0,40,758,6,618,134
山东省,2020年3月7日,0,0,9,758,6,627,125
山东省,2020年3月8日,0,0,15,758,6,642,110
山东省,2020年3月9日,0,0,58,758,6,700,52
山东省,2020年3月10日,0,0,19,758,6,719,33
山东省,2020年3月11日,2,0,7,760,6,726,28
山东省,2020年3月12日,0,0,8,760,6,734,20
山东省,2020年3月13日,0,1,5,760,7,739,14
山东省,2020年3月14日,0,0,2,760,7,741,12
山东省,2020年3月15日,0,0,0,760,7,741,12
山西省,2020年1月23日,0,0,0,1,0,0,1
山西省,2020年1月24日,0,0,0,1,0,0,1
山西省,2020年1月25日,5,0,0,6,0,0,6
山西省,2020年1月26日,3,0,0,9,0,0,9
山西省,2020年1月27日,4,0,0,13,0,0,13
山西省,2020年1月28日,14,0,0,27,0,0,27
山西省,2020年1月29日,0,0,1,27,0,1,26
山西省,2020年1月30日,8,0,0,35,0,1,34
山西省,2020年1月31日,4,0,0,39,0,1,38
山西省,2020年2月1日,8,0,0,47,0,1,46
山西省,2020年2月2日,19,0,2,66,0,3,63
山西省,2020年2月3日,8,0,-1,74,0,2,72
山西省,2020年2月4日,7,0,2,81,0,4,77
山西省,2020年2月5日,0,0,1,81,0,5,76
山西省,2020年2月6日,15,0,7,96,0,12,84
山西省,2020年2月7日,8,0,3,104,0,15,89
山西省,2020年2月8日,11,0,6,115,0,21,94
山西省,2020年2月9日,4,0,4,119,0,25,94
山西省,2020年2月10日,0,0,0,119,0,25,94
山西省,2020年2月11日,5,0,5,124,0,30,94
山西省,2020年2月12日,2,0,3,126,0,33,93
山西省,2020年2月13日,0,0,3,126,0,36,90
山西省,2020年2月14日,1,0,2,127,0,38,89
山西省,2020年2月15日,1,0,8,128,0,46,82
山西省,2020年2月16日,1,0,4,129,0,50,79
山西省,2020年2月17日,1,0,3,130,0,53,77
山西省,2020年2月18日,1,0,8,131,0,61,70
山西省,2020年2月19日,0,0,7,131,0,68,63
山西省,2020年2月20日,1,0,8,132,0,76,56
山西省,2020年2月21日,0,0,2,132,0,78,54
山西省,2020年2月22日,0,0,3,132,0,81,51
山西省,2020年2月23日,0,0,7,132,0,88,44
山西省,2020年2月24日,1,0,6,133,0,94,39
山西省,2020年2月25日,0,0,4,133,0,98,35
山西省,2020年2月26日,0,0,6,133,0,104,29
山西省,2020年2月27日,0,0,3,133,0,107,26
山西省,2020年2月28日,0,0,5,133,0,112,21
山西省,2020年2月29日,0,0,2,133,0,114,19
山西省,2020年3月1日,0,0,2,133,0,116,17
山西省,2020年3月2日,0,0,3,133,0,119,14
山西省,2020年3月3日,0,0,5,133,0,124,9
山西省,2020年3月4日,0,0,0,133,0,124,9
山西省,2020年3月5日,0,0,2,133,0,126,7
山西省,2020年3月6日,0,0,0,133,0,126,7
山西省,2020年3月7日,0,0,0,133,0,126,7
山西省,2020年3月8日,0,0,0,133,0,126,7
山西省,2020年3月9日,0,0,1,133,0,127,6
山西省,2020年3月10日,0,0,4,133,0,131,2
山西省,2020年3月11日,0,0,0,133,0,131,2
山西省,2020年3月12日,0,0,1,133,0,132,1
山西省,2020年3月13日,0,0,1,133,0,133,0
山西省,2020年3月14日,0,0,0,133,0,133,0
山西省,2020年3月15日,0,0,0,133,0,133,0
陕西省,2020年1月23日,3,0,0,3,0,0,3
陕西省,2020年1月24日,2,0,0,5,0,0,5
陕西省,2020年1月25日,10,0,0,15,0,0,15
陕西省,2020年1月26日,7,0,0,22,0,0,22
陕西省,2020年1月27日,13,0,0,35,0,0,35
陕西省,2020年1月28日,11,0,0,46,0,0,46
陕西省,2020年1月29日,10,0,0,56,0,0,56
陕西省,2020年1月30日,7,0,0,63,0,0,63
陕西省,2020年1月31日,24,0,0,87,0,0,87
陕西省,2020年2月1日,14,0,0,101,0,0,101
陕西省,2020年2月2日,15,0,0,116,0,0,116
陕西省,2020年2月3日,12,0,0,128,0,0,128
陕西省,2020年2月4日,14,0,2,142,0,2,140
陕西省,2020年2月5日,23,0,4,165,0,6,159
陕西省,2020年2月6日,8,0,3,173,0,9,164
陕西省,2020年2月7日,11,0,8,184,0,17,167
陕西省,2020年2月8日,11,0,3,195,0,20,175
陕西省,2020年2月9日,13,0,5,208,0,25,183
陕西省,2020年2月10日,5,0,5,213,0,30,183
陕西省,2020年2月11日,6,0,2,219,0,32,187
陕西省,2020年2月12日,6,0,11,225,0,43,182
陕西省,2020年2月13日,4,0,3,229,0,46,183
陕西省,2020年2月14日,1,0,8,230,0,54,176
陕西省,2020年2月15日,2,0,6,232,0,60,172
陕西省,2020年2月16日,4,0,11,236,0,71,165
陕西省,2020年2月17日,4,0,8,240,0,79,161
陕西省,2020年2月18日,0,0,10,240,0,89,151
陕西省,2020年2月19日,2,0,13,242,0,102,140
陕西省,2020年2月20日,3,1,16,245,1,118,126
陕西省,2020年2月21日,0,0,16,245,1,134,110
陕西省,2020年2月22日,0,0,15,245,1,149,95
陕西省,2020年2月23日,0,0,14,245,1,163,81
陕西省,2020年2月24日,0,0,10,245,1,173,71
陕西省,2020年2月25日,0,0,13,245,1,186,58
陕西省,2020年2月26日,0,0,6,245,1,192,52
陕西省,2020年2月27日,0,0,3,245,1,195,49
陕西省,2020年2月28日,0,0,4,245,1,199,45
陕西省,2020年2月29日,0,0,8,245,1,207,37
陕西省,2020年3月1日,0,0,1,245,1,208,36
陕西省,2020年3月2日,0,0,8,245,1,216,28
陕西省,2020年3月3日,0,0,0,245,1,216,28
陕西省,2020年3月4日,0,0,7,245,1,223,21
陕西省,2020年3月5日,0,0,1,245,1,224,20
陕西省,2020年3月6日,0,0,2,245,1,226,18
陕西省,2020年3月7日,0,0,0,245,1,226,18
陕西省,2020年3月8日,0,0,1,245,1,227,17
陕西省,2020年3月9日,0,0,0,245,1,227,17
陕西省,2020年3月10日,0,0,0,245,1,227,17
陕西省,2020年3月11日,0,0,5,245,1,232,12
陕西省,2020年3月12日,0,1,0,245,2,232,11
陕西省,2020年3月13日,0,0,0,245,2,232,11
陕西省,2020年3月14日,0,0,0,245,2,232,11
陕西省,2020年3月15日,0,0,0,245,2,232,11
上海市,2020年1月23日,7,0,0,16,0,0,16
上海市,2020年1月24日,4,0,1,20,0,1,19
上海市,2020年1月25日,13,0,0,33,0,1,32
上海市,2020年1月26日,7,1,0,40,1,1,38
上海市,2020年1月27日,13,0,2,53,1,3,49
上海市,2020年1月28日,13,0,1,66,1,4,61
上海市,2020年1月29日,30,0,1,96,1,5,90
上海市,2020年1月30日,16,0,0,112,1,5,106
上海市,2020年1月31日,23,0,4,135,1,9,125
上海市,2020年2月1日,34,0,1,169,1,10,158
上海市,2020年2月2日,13,0,0,182,1,10,171
上海市,2020年2月3日,21,0,0,203,1,10,192
上海市,2020年2月4日,16,0,2,219,1,12,206
上海市,2020年2月5日,24,0,3,243,1,15,227
上海市,2020年2月6日,14,0,10,257,1,25,231
上海市,2020年2月7日,20,0,5,277,1,30,246
上海市,2020年2月8日,9,0,11,286,1,41,244
上海市,2020年2月9日,7,0,3,293,1,44,248
上海市,2020年2月10日,6,0,4,299,1,48,250
上海市,2020年2月11日,4,0,4,303,1,52,250
上海市,2020年2月12日,8,0,5,311,1,57,253
上海市,2020年2月13日,4,0,5,315,1,62,252
上海市,2020年2月14日,3,0,28,318,1,90,227
上海市,2020年2月15日,8,0,34,326,1,124,201
上海市,2020年2月16日,2,0,16,328,1,140,187
上海市,2020年2月17日,5,0,21,333,1,161,171
上海市,2020年2月18日,0,0,16,333,1,177,155
上海市,2020年2月19日,0,1,9,333,2,186,145
上海市,2020年2月20日,1,0,13,334,2,199,133
上海市,2020年2月21日,0,0,12,334,2,211,121
上海市,2020年2月22日,1,1,16,335,3,227,105
上海市,2020年2月23日,0,0,22,335,3,249,83
上海市,2020年2月24日,0,0,12,335,3,261,71
上海市,2020年2月25日,1,0,7,336,3,268,65
上海市,2020年2月26日,1,0,4,337,3,272,62
上海市,2020年2月27日,0,0,4,337,3,276,58
上海市,2020年2月28日,0,0,3,337,3,279,55
上海市,2020年2月29日,0,0,8,337,3,287,47
上海市,2020年3月1日,0,0,3,337,3,290,44
上海市,2020年3月2日,0,0,2,337,3,292,42
上海市,2020年3月3日,1,0,2,338,3,294,41
上海市,2020年3月4日,0,0,4,338,3,298,37
上海市,2020年3月5日,1,0,5,339,3,303,33
上海市,2020年3月6日,3,0,3,342,3,306,33
上海市,2020年3月7日,0,0,7,342,3,313,26
上海市,2020年3月8日,0,0,1,342,3,314,25
上海市,2020年3月9日,0,0,1,342,3,315,24
上海市,2020年3月10日,2,0,4,344,3,319,22
上海市,2020年3月11日,0,0,1,344,3,320,21
上海市,2020年3月12日,0,0,1,344,3,321,20
上海市,2020年3月13日,2,0,3,346,3,324,19
上海市,2020年3月14日,7,0,0,353,3,324,26
上海市,2020年3月15日,0,0,0,353,3,324,26
四川省,2020年1月23日,3,0,0,8,0,0,8
四川省,2020年1月24日,7,0,0,15,0,0,15
四川省,2020年1月25日,13,0,0,28,0,0,28
四川省,2020年1月26日,16,0,0,44,0,0,44
四川省,2020年1月27日,25,0,0,69,0,0,69
四川省,2020年1月28日,21,0,0,90,0,0,90
四川省,2020年1月29日,18,1,1,108,1,1,106
四川省,2020年1月30日,34,0,0,142,1,1,140
四川省,2020年1月31日,35,0,0,177,1,1,175
四川省,2020年2月1日,30,0,2,207,1,3,203
四川省,2020年2月2日,24,0,8,231,1,11,219
四川省,2020年2月3日,23,0,3,254,1,14,239
四川省,2020年2月4日,28,0,0,282,1,14,267
四川省,2020年2月5日,19,0,10,301,1,24,276
四川省,2020年2月6日,20,0,7,321,1,31,289
四川省,2020年2月7日,23,0,11,344,1,42,301
四川省,2020年2月8日,20,0,18,364,1,60,303
四川省,2020年2月9日,22,0,11,386,1,71,314
四川省,2020年2月10日,19,0,9,405,1,80,324
四川省,2020年2月11日,12,0,5,417,1,85,331
四川省,2020年2月12日,19,0,7,436,1,92,343
四川省,2020年2月13日,15,0,12,451,1,104,346
四川省,2020年2月14日,12,0,10,463,1,114,348
四川省,2020年2月15日,7,0,5,470,1,119,350
四川省,2020年2月16日,11,2,12,481,3,131,347
四川省,2020年2月17日,14,0,25,495,3,156,336
四川省,2020年2月18日,13,0,13,508,3,169,336
四川省,2020年2月19日,6,0,19,514,3,188,323
四川省,2020年2月20日,6,0,29,520,3,217,300
四川省,2020年2月21日,5,0,14,525,3,231,291
四川省,2020年2月22日,1,0,19,526,3,250,273
四川省,2020年2月23日,0,0,11,526,3,261,262
四川省,2020年2月24日,1,0,15,527,3,276,248
四川省,2020年2月25日,2,0,13,529,3,289,237
四川省,2020年2月26日,2,0,18,531,3,307,221
四川省,2020年2月27日,3,0,14,534,3,321,210
四川省,2020年2月28日,4,0,17,538,3,338,197
四川省,2020年2月29日,0,0,13,538,3,351,184
四川省,2020年3月1日,0,0,14,538,3,365,170
四川省,2020年3月2日,0,0,21,538,3,386,149
四川省,2020年3月3日,0,0,8,538,3,394,141
四川省,2020年3月4日,0,0,12,538,3,406,129
四川省,2020年3月5日,1,0,19,539,3,425,111
四川省,2020年3月6日,0,0,17,539,3,442,94
四川省,2020年3月7日,0,0,12,539,3,454,82
四川省,2020年3月8日,0,0,10,539,3,464,72
四川省,2020年3月9日,0,0,2,539,3,466,70
四川省,2020年3月10日,0,0,12,539,3,478,58
四川省,2020年3月11日,0,0,10,539,3,488,48
四川省,2020年3月12日,0,0,10,539,3,498,38
四川省,2020年3月13日,0,0,5,539,3,503,33
四川省,2020年3月14日,0,0,8,539,3,511,25
四川省,2020年3月15日,0,0,5,539,3,516,20
台湾省,2020年1月23日,0,0,0,1,0,0,1
台湾省,2020年1月24日,2,0,0,3,0,0,3
台湾省,2020年1月25日,0,0,0,3,0,0,3
台湾省,2020年1月26日,1,0,0,4,0,0,4
台湾省,2020年1月27日,1,0,0,5,0,0,5
台湾省,2020年1月28日,3,0,0,8,0,0,8
台湾省,2020年1月29日,0,0,0,8,0,0,8
台湾省,2020年1月30日,1,0,0,9,0,0,9
台湾省,2020年1月31日,1,0,0,10,0,0,10
台湾省,2020年2月1日,0,0,0,10,0,0,10
台湾省,2020年2月2日,0,0,0,10,0,0,10
台湾省,2020年2月3日,0,0,0,10,0,0,10
台湾省,2020年2月4日,1,0,0,11,0,0,11
台湾省,2020年2月5日,0,0,0,11,0,0,11
台湾省,2020年2月6日,5,0,1,16,0,1,15
台湾省,2020年2月7日,0,0,0,16,0,1,15
台湾省,2020年2月8日,1,0,0,17,0,1,16
台湾省,2020年2月9日,1,0,0,18,0,1,17
台湾省,2020年2月10日,0,0,0,18,0,1,17
台湾省,2020年2月11日,0,0,0,18,0,1,17
台湾省,2020年2月12日,0,0,0,18,0,1,17
台湾省,2020年2月13日,0,0,0,18,0,1,17
台湾省,2020年2月14日,0,0,1,18,0,2,16
台湾省,2020年2月15日,0,0,0,18,0,2,16
台湾省,2020年2月16日,2,1,0,20,1,2,17
台湾省,2020年2月17日,2,0,0,22,1,2,19
台湾省,2020年2月18日,0,0,0,22,1,2,19
台湾省,2020年2月19日,1,0,0,23,1,2,20
台湾省,2020年2月20日,1,0,0,24,1,2,21
台湾省,2020年2月21日,2,0,0,26,1,2,23
台湾省,2020年2月22日,0,0,0,26,1,2,23
台湾省,2020年2月23日,2,0,0,28,1,2,25
台湾省,2020年2月24日,2,0,3,30,1,5,24
台湾省,2020年2月25日,1,0,0,31,1,5,25
台湾省,2020年2月26日,1,0,0,32,1,5,26
台湾省,2020年2月27日,0,0,0,32,1,5,26
台湾省,2020年2月28日,2,0,1,34,1,6,27
台湾省,2020年2月29日,5,0,3,39,1,9,29
台湾省,2020年3月1日,1,0,0,40,1,9,30
台湾省,2020年3月2日,1,0,3,41,1,12,28
台湾省,2020年3月3日,1,0,0,42,1,12,29
台湾省,2020年3月4日,0,0,0,42,1,12,29
台湾省,2020年3月5日,2,0,0,44,1,12,31
台湾省,2020年3月6日,1,0,0,45,1,12,32
台湾省,2020年3月7日,0,0,0,45,1,12,32
台湾省,2020年3月8日,0,0,1,45,1,13,31
台湾省,2020年3月9日,0,0,2,45,1,15,29
台湾省,2020年3月10日,,,,,,,
台湾省,2020年3月11日,,,,,,,
台湾省,2020年3月12日,,,,,,,
台湾省,2020年3月13日,,,,,,,
台湾省,2020年3月14日,,,,,,,
台湾省,2020年3月15日,,,,,,,
天津市,2020年1月23日,0,0,0,4,0,0,4
天津市,2020年1月24日,4,0,0,8,0,0,8
天津市,2020年1月25日,2,0,0,10,0,0,10
天津市,2020年1月26日,4,0,0,14,0,0,14
天津市,2020年1月27日,9,0,0,23,0,0,23
天津市,2020年1月28日,1,0,0,24,0,0,24
天津市,2020年1月29日,3,0,0,27,0,0,27
天津市,2020年1月30日,4,0,0,31,0,0,31
天津市,2020年1月31日,1,0,0,32,0,0,32
天津市,2020年2月1日,9,0,0,41,0,0,41
天津市,2020年2月2日,7,0,1,48,0,1,47
天津市,2020年2月3日,12,0,0,60,0,1,59
天津市,2020年2月4日,7,0,1,67,0,2,65
天津市,2020年2月5日,2,1,0,69,1,2,66
天津市,2020年2月6日,10,0,0,79,1,2,76
天津市,2020年2月7日,2,0,0,81,1,2,78
天津市,2020年2月8日,7,0,2,88,1,4,83
天津市,2020年2月9日,3,0,0,91,1,4,86
天津市,2020年2月10日,4,0,4,95,1,8,86
天津市,2020年2月11日,11,1,2,106,2,10,94
天津市,2020年2月12日,6,0,1,112,2,11,99
天津市,2020年2月13日,7,1,10,119,3,21,95
天津市,2020年2月14日,1,0,10,120,3,31,86
天津市,2020年2月15日,2,0,6,122,3,37,82
天津市,2020年2月16日,2,0,8,124,3,45,76
天津市,2020年2月17日,1,0,1,125,3,46,76
天津市,2020年2月18日,3,0,2,128,3,48,77
天津市,2020年2月19日,2,0,6,130,3,54,73
天津市,2020年2月20日,1,0,5,131,3,59,69
天津市,2020年2月21日,1,0,3,132,3,62,67
天津市,2020年2月22日,3,0,3,135,3,65,67
天津市,2020年2月23日,0,0,16,135,3,81,51
天津市,2020年2月24日,0,0,6,135,3,87,45
天津市,2020年2月25日,0,0,4,135,3,91,41
天津市,2020年2月26日,0,0,5,135,3,96,36
天津市,2020年2月27日,1,0,6,136,3,102,31
天津市,2020年2月28日,0,0,0,136,3,102,31
天津市,2020年2月29日,0,0,7,136,3,109,24
天津市,2020年3月1日,0,0,2,136,3,111,22
天津市,2020年3月2日,0,0,0,136,3,111,22
天津市,2020年3月3日,0,0,13,136,3,124,9
天津市,2020年3月4日,0,0,0,136,3,124,9
天津市,2020年3月5日,0,0,4,136,3,128,5
天津市,2020年3月6日,0,0,0,136,3,128,5
天津市,2020年3月7日,0,0,0,136,3,128,5
天津市,2020年3月8日,0,0,0,136,3,128,5
天津市,2020年3月9日,0,0,2,136,3,130,3
天津市,2020年3月10日,0,0,1,136,3,131,2
天津市,2020年3月11日,0,0,0,136,3,131,2
天津市,2020年3月12日,0,0,1,136,3,132,1
天津市,2020年3月13日,0,0,0,136,3,132,1
天津市,2020年3月14日,0,0,0,136,3,132,1
天津市,2020年3月15日,0,0,1,136,3,133,0
西藏自治区,2020年1月23日,0,0,0,0,0,0,0
西藏自治区,2020年1月24日,0,0,0,0,0,0,0
西藏自治区,2020年1月25日,0,0,0,0,0,0,0
西藏自治区,2020年1月26日,0,0,0,0,0,0,0
西藏自治区,2020年1月27日,0,0,0,0,0,0,0
西藏自治区,2020年1月28日,0,0,0,0,0,0,0
西藏自治区,2020年1月29日,0,0,0,0,0,0,0
西藏自治区,2020年1月30日,1,0,0,1,0,0,1
西藏自治区,2020年1月31日,0,0,0,1,0,0,1
西藏自治区,2020年2月1日,0,0,0,1,0,0,1
西藏自治区,2020年2月2日,0,0,0,1,0,0,1
西藏自治区,2020年2月3日,0,0,0,1,0,0,1
西藏自治区,2020年2月4日,0,0,0,1,0,0,1
西藏自治区,2020年2月5日,0,0,0,1,0,0,1
西藏自治区,2020年2月6日,0,0,0,1,0,0,1
西藏自治区,2020年2月7日,0,0,0,1,0,0,1
西藏自治区,2020年2月8日,0,0,0,1,0,0,1
西藏自治区,2020年2月9日,0,0,0,1,0,0,1
西藏自治区,2020年2月10日,0,0,0,1,0,0,1
西藏自治区,2020年2月11日,0,0,0,1,0,0,1
西藏自治区,2020年2月12日,0,0,1,1,0,1,0
西藏自治区,2020年2月13日,0,0,0,1,0,1,0
西藏自治区,2020年2月14日,0,0,0,1,0,1,0
西藏自治区,2020年2月15日,0,0,0,1,0,1,0
西藏自治区,2020年2月16日,0,0,0,1,0,1,0
西藏自治区,2020年2月17日,0,0,0,1,0,1,0
西藏自治区,2020年2月18日,0,0,0,1,0,1,0
西藏自治区,2020年2月19日,0,0,0,1,0,1,0
西藏自治区,2020年2月20日,0,0,0,1,0,1,0
西藏自治区,2020年2月21日,0,0,0,1,0,1,0
西藏自治区,2020年2月22日,0,0,0,1,0,1,0
西藏自治区,2020年2月23日,0,0,0,1,0,1,0
西藏自治区,2020年2月24日,0,0,0,1,0,1,0
西藏自治区,2020年2月25日,0,0,0,1,0,1,0
西藏自治区,2020年2月26日,0,0,0,1,0,1,0
西藏自治区,2020年2月27日,0,0,0,1,0,1,0
西藏自治区,2020年2月28日,0,0,0,1,0,1,0
西藏自治区,2020年2月29日,0,0,0,1,0,1,0
西藏自治区,2020年3月1日,0,0,0,1,0,1,0
西藏自治区,2020年3月2日,0,0,0,1,0,1,0
西藏自治区,2020年3月3日,0,0,0,1,0,1,0
西藏自治区,2020年3月4日,0,0,0,1,0,1,0
西藏自治区,2020年3月5日,0,0,0,1,0,1,0
西藏自治区,2020年3月6日,0,0,0,1,0,1,0
西藏自治区,2020年3月7日,0,0,0,1,0,1,0
西藏自治区,2020年3月8日,0,0,0,1,0,1,0
西藏自治区,2020年3月9日,0,0,0,1,0,1,0
西藏自治区,2020年3月10日,0,0,0,1,0,1,0
西藏自治区,2020年3月11日,0,0,0,1,0,1,0
西藏自治区,2020年3月12日,0,0,0,1,0,1,0
西藏自治区,2020年3月13日,0,0,0,1,0,1,0
西藏自治区,2020年3月14日,0,0,0,1,0,1,0
西藏自治区,2020年3月15日,0,0,0,1,0,1,0
香港特别行政区,2020年1月23日,2,0,0,2,0,0,2
香港特别行政区,2020年1月24日,0,0,0,2,0,0,2
香港特别行政区,2020年1月25日,3,0,0,5,0,0,5
香港特别行政区,2020年1月26日,3,0,0,8,0,0,8
香港特别行政区,2020年1月27日,0,0,0,8,0,0,8
香港特别行政区,2020年1月28日,0,0,0,8,0,0,8
香港特别行政区,2020年1月29日,2,0,0,10,0,0,10
香港特别行政区,2020年1月30日,0,0,0,10,0,0,10
香港特别行政区,2020年1月31日,2,0,0,12,0,0,12
香港特别行政区,2020年2月1日,1,0,0,13,0,0,13
香港特别行政区,2020年2月2日,2,0,0,15,0,0,15
香港特别行政区,2020年2月3日,0,0,0,15,0,0,15
香港特别行政区,2020年2月4日,2,1,0,17,1,0,16
香港特别行政区,2020年2月5日,4,0,0,21,1,0,20
香港特别行政区,2020年2月6日,3,0,0,24,1,0,23
香港特别行政区,2020年2月7日,1,0,0,25,1,0,24
香港特别行政区,2020年2月8日,1,0,0,26,1,0,25
香港特别行政区,2020年2月9日,3,0,0,29,1,0,28
香港特别行政区,2020年2月10日,9,0,0,38,1,0,37
香港特别行政区,2020年2月11日,11,0,0,49,1,0,48
香港特别行政区,2020年2月12日,1,0,1,50,1,1,48
香港特别行政区,2020年2月13日,3,0,0,53,1,1,51
香港特别行政区,2020年2月14日,3,0,0,56,1,1,54
香港特别行政区,2020年2月15日,0,0,0,56,1,1,54
香港特别行政区,2020年2月16日,1,0,1,57,1,2,54
香港特别行政区,2020年2月17日,3,0,0,60,1,2,57
香港特别行政区,2020年2月18日,2,0,0,62,1,2,59
香港特别行政区,2020年2月19日,1,1,3,63,2,5,56
香港特别行政区,2020年2月20日,5,0,1,68,2,6,60
香港特别行政区,2020年2月21日,0,0,-1,68,2,5,61
香港特别行政区,2020年2月22日,1,0,1,69,2,6,61
香港特别行政区,2020年2月23日,5,0,5,74,2,11,61
香港特别行政区,2020年2月24日,5,0,8,79,2,19,58
香港特别行政区,2020年2月25日,5,0,0,84,2,19,63
香港特别行政区,2020年2月26日,7,0,5,91,2,24,65
香港特别行政区,2020年2月27日,1,0,0,92,2,24,66
香港特别行政区,2020年2月28日,2,0,6,94,2,30,62
香港特别行政区,2020年2月29日,1,0,3,95,2,33,60
香港特别行政区,2020年3月1日,1,0,3,96,2,36,58
香港特别行政区,2020年3月2日,4,0,0,100,2,36,62
香港特别行政区,2020年3月3日,0,0,1,100,2,37,61
香港特别行政区,2020年3月4日,5,0,0,105,2,37,66
香港特别行政区,2020年3月5日,0,0,6,105,2,43,60
香港特别行政区,2020年3月6日,2,0,3,107,2,46,59
香港特别行政区,2020年3月7日,1,0,5,108,2,51,55
香港特别行政区,2020年3月8日,6,1,7,114,3,58,53
香港特别行政区,2020年3月9日,1,0,1,115,3,59,53
香港特别行政区,2020年3月10日,,0,,,3,,
香港特别行政区,2020年3月11日,,0,,126,3,65,58
香港特别行政区,2020年3月12日,3,0,2,129,3,67,59
香港特别行政区,2020年3月13日,5,1,10,134,4,77,53
香港特别行政区,2020年3月14日,6,0,1,140,4,78,58
香港特别行政区,2020年3月15日,5,0,3,145,4,81,60
新疆维吾尔自治区,2020年1月23日,2,0,0,2,0,0,2
新疆维吾尔自治区,2020年1月24日,0,0,0,2,0,0,2
新疆维吾尔自治区,2020年1月25日,1,0,0,3,0,0,3
新疆维吾尔自治区,2020年1月26日,1,0,0,4,0,0,4
新疆维吾尔自治区,2020年1月27日,1,0,0,5,0,0,5
新疆维吾尔自治区,2020年1月28日,5,0,0,10,0,0,10
新疆维吾尔自治区,2020年1月29日,3,0,0,13,0,0,13
新疆维吾尔自治区,2020年1月30日,1,0,0,14,0,0,14
新疆维吾尔自治区,2020年1月31日,3,0,0,17,0,0,17
新疆维吾尔自治区,2020年2月1日,1,0,0,18,0,0,18
新疆维吾尔自治区,2020年2月2日,3,0,0,21,0,0,21
新疆维吾尔自治区,2020年2月3日,3,0,0,24,0,0,24
新疆维吾尔自治区,2020年2月4日,5,0,0,29,0,0,29
新疆维吾尔自治区,2020年2月5日,3,0,0,32,0,0,32
新疆维吾尔自治区,2020年2月6日,4,0,0,36,0,0,36
新疆维吾尔自治区,2020年2月7日,3,0,0,39,0,0,39
新疆维吾尔自治区,2020年2月8日,3,0,0,42,0,0,42
新疆维吾尔自治区,2020年2月9日,3,0,0,45,0,0,45
新疆维吾尔自治区,2020年2月10日,4,0,0,49,0,0,49
新疆维吾尔自治区,2020年2月11日,6,0,3,55,0,3,52
新疆维吾尔自治区,2020年2月12日,4,0,0,59,0,3,56
新疆维吾尔自治区,2020年2月13日,4,1,3,63,1,6,56
新疆维吾尔自治区,2020年2月14日,2,0,0,65,1,6,58
新疆维吾尔自治区,2020年2月15日,5,0,4,70,1,10,59
新疆维吾尔自治区,2020年2月16日,1,0,2,71,1,12,58
新疆维吾尔自治区,2020年2月17日,4,0,0,75,1,12,62
新疆维吾尔自治区,2020年2月18日,1,0,0,76,1,12,63
新疆维吾尔自治区,2020年2月19日,0,0,8,76,1,20,55
新疆维吾尔自治区,2020年2月20日,0,0,2,76,1,22,53
新疆维吾尔自治区,2020年2月21日,0,0,2,76,1,24,51
新疆维吾尔自治区,2020年2月22日,0,1,1,76,2,25,49
新疆维吾尔自治区,2020年2月23日,0,0,3,76,2,28,46
新疆维吾尔自治区,2020年2月24日,0,0,2,76,2,30,44
新疆维吾尔自治区,2020年2月25日,0,0,0,76,2,30,44
新疆维吾尔自治区,2020年2月26日,0,0,4,76,2,34,40
新疆维吾尔自治区,2020年2月27日,0,0,9,76,2,43,31
新疆维吾尔自治区,2020年2月28日,0,1,9,76,3,52,21
新疆维吾尔自治区,2020年2月29日,0,0,10,76,3,62,11
新疆维吾尔自治区,2020年3月1日,0,0,2,76,3,64,9
新疆维吾尔自治区,2020年3月2日,0,0,2,76,3,66,7
新疆维吾尔自治区,2020年3月3日,0,0,2,76,3,68,5
新疆维吾尔自治区,2020年3月4日,0,0,1,76,3,69,4
新疆维吾尔自治区,2020年3月5日,0,0,1,76,3,70,3
新疆维吾尔自治区,2020年3月6日,0,0,1,76,3,71,2
新疆维吾尔自治区,2020年3月7日,0,0,1,76,3,72,1
新疆维吾尔自治区,2020年3月8日,0,0,1,76,3,73,0
新疆维吾尔自治区,2020年3月9日,0,0,0,76,3,73,0
新疆维吾尔自治区,2020年3月10日,0,0,0,76,3,73,0
新疆维吾尔自治区,2020年3月11日,0,0,0,76,3,73,0
新疆维吾尔自治区,2020年3月12日,0,0,0,76,3,73,0
新疆维吾尔自治区,2020年3月13日,0,0,0,76,3,73,0
新疆维吾尔自治区,2020年3月14日,0,0,0,76,3,73,0
新疆维吾尔自治区,2020年3月15日,0,0,0,76,3,73,0
云南省,2020年1月23日,1,0,0,2,0,0,2
云南省,2020年1月24日,3,0,0,5,0,0,5
云南省,2020年1月25日,6,0,0,11,0,0,11
云南省,2020年1月26日,5,0,0,16,0,0,16
云南省,2020年1月27日,10,0,0,26,0,0,26
云南省,2020年1月28日,18,0,0,44,0,0,44
云南省,2020年1月29日,11,0,0,55,0,0,55
云南省,2020年1月30日,15,0,0,70,0,0,70
云南省,2020年1月31日,13,0,1,83,0,1,82
云南省,2020年2月1日,10,0,1,93,0,2,91
云南省,2020年2月2日,12,0,1,105,0,3,102
云南省,2020年2月3日,12,0,2,117,0,5,112
云南省,2020年2月4日,5,0,0,122,0,5,117
云南省,2020年2月5日,6,0,0,128,0,5,123
云南省,2020年2月6日,5,0,2,133,0,7,126
云南省,2020年2月7日,5,0,5,138,0,12,126
云南省,2020年2月8日,0,0,5,138,0,17,121
云南省,2020年2月9日,3,0,1,141,0,18,123
云南省,2020年2月10日,8,0,1,149,0,19,130
云南省,2020年2月11日,4,0,1,153,0,20,133
云南省,2020年2月12日,1,0,6,154,0,26,128
云南省,2020年2月13日,2,0,1,156,0,27,129
云南省,2020年2月14日,6,0,9,162,0,36,126
云南省,2020年2月15日,6,0,6,168,0,42,126
云南省,2020年2月16日,3,0,0,171,0,42,129
云南省,2020年2月17日,0,0,5,171,0,47,124
云南省,2020年2月18日,1,0,10,172,0,57,115
云南省,2020年2月19日,0,1,3,172,1,60,111
云南省,2020年2月20日,2,1,19,174,2,79,93
云南省,2020年2月21日,0,0,17,174,2,96,76
云南省,2020年2月22日,0,0,11,174,2,107,65
云南省,2020年2月23日,0,0,8,174,2,115,57
云南省,2020年2月24日,0,0,9,174,2,124,48
云南省,2020年2月25日,0,0,5,174,2,129,43
云南省,2020年2月26日,0,0,15,174,2,144,28
云南省,2020年2月27日,0,0,6,174,2,150,22
云南省,2020年2月28日,0,0,6,174,2,156,16
云南省,2020年2月29日,0,0,1,174,2,157,15
云南省,2020年3月1日,0,0,6,174,2,163,9
云南省,2020年3月2日,0,0,5,174,2,168,4
云南省,2020年3月3日,0,0,1,174,2,169,3
云南省,2020年3月4日,0,0,0,174,2,169,3
云南省,2020年3月5日,0,0,0,174,2,169,3
云南省,2020年3月6日,0,0,1,174,2,170,2
云南省,2020年3月7日,0,0,0,174,2,170,2
云南省,2020年3月8日,0,0,0,174,2,170,2
云南省,2020年3月9日,0,0,0,174,2,170,2
云南省,2020年3月10日,0,0,0,174,2,170,2
云南省,2020年3月11日,0,0,0,174,2,170,2
云南省,2020年3月12日,0,0,0,174,2,170,2
云南省,2020年3月13日,0,0,0,174,2,170,2
云南省,2020年3月14日,0,0,2,174,2,172,0
云南省,2020年3月15日,0,0,0,174,2,172,0
浙江省,2020年1月23日,17,0,0,27,0,0,27
浙江省,2020年1月24日,16,0,1,43,0,1,42
浙江省,2020年1月25日,19,0,0,62,0,1,61
浙江省,2020年1月26日,42,0,0,104,0,1,103
浙江省,2020年1月27日,24,0,0,128,0,1,127
浙江省,2020年1月28日,45,0,2,173,0,3,170
浙江省,2020年1月29日,123,0,0,296,0,3,293
浙江省,2020年1月30日,132,0,1,428,0,4,424
浙江省,2020年1月31日,110,0,10,538,0,14,524
浙江省,2020年2月1日,61,0,7,599,0,21,578
浙江省,2020年2月2日,62,0,11,661,0,32,629
浙江省,2020年2月3日,63,0,11,724,0,43,681
浙江省,2020年2月4日,105,0,19,829,0,62,767
浙江省,2020年2月5日,66,0,16,895,0,78,817
浙江省,2020年2月6日,59,0,16,954,0,94,860
浙江省,2020年2月7日,52,0,29,1006,0,123,883
浙江省,2020年2月8日,42,0,52,1048,0,175,873
浙江省,2020年2月9日,27,0,26,1075,0,201,874
浙江省,2020年2月10日,17,0,41,1092,0,242,850
浙江省,2020年2月11日,25,0,28,1117,0,270,847
浙江省,2020年2月12日,14,0,51,1131,0,321,810
浙江省,2020年2月13日,14,0,39,1145,0,360,785
浙江省,2020年2月14日,10,0,43,1155,0,403,752
浙江省,2020年2月15日,7,0,25,1162,0,428,734
浙江省,2020年2月16日,5,0,28,1167,0,456,711
浙江省,2020年2月17日,4,0,51,1171,0,507,664
浙江省,2020年2月18日,1,0,28,1172,0,535,637
浙江省,2020年2月19日,2,0,69,1174,0,604,570
浙江省,2020年2月20日,1,1,29,1175,1,633,541
浙江省,2020年2月21日,28,0,46,1203,1,679,523
浙江省,2020年2月22日,2,0,40,1205,1,719,485
浙江省,2020年2月23日,0,0,41,1205,1,760,444
浙江省,2020年2月24日,0,0,22,1205,1,782,422
浙江省,2020年2月25日,0,0,26,1205,1,808,396
浙江省,2020年2月26日,0,0,59,1205,1,867,337
浙江省,2020年2月27日,0,0,65,1205,1,932,272
浙江省,2020年2月28日,0,0,43,1205,1,975,229
浙江省,2020年2月29日,0,0,41,1205,1,1016,188
浙江省,2020年3月1日,0,0,30,1205,1,1046,158
浙江省,2020年3月2日,1,0,23,1206,1,1069,136
浙江省,2020年3月3日,7,0,24,1213,1,1093,119
浙江省,2020年3月4日,0,0,21,1213,1,1114,98
浙江省,2020年3月5日,2,0,10,1215,1,1124,90
浙江省,2020年3月6日,0,0,23,1215,1,1147,67
浙江省,2020年3月7日,0,0,7,1215,1,1154,60
浙江省,2020年3月8日,0,0,7,1215,1,1161,53
浙江省,2020年3月9日,0,0,15,1215,1,1176,38
浙江省,2020年3月10日,0,0,15,1215,1,1191,23
浙江省,2020年3月11日,0,0,4,1215,1,1195,19
浙江省,2020年3月12日,0,0,2,1215,1,1197,17
浙江省,2020年3月13日,0,0,0,1215,1,1197,17
浙江省,2020年3月14日,12,0,14,1227,1,1211,15
浙江省,2020年3月15日,4,0,0,1231,1,1211,19
重庆市,2020年1月23日,3,0,0,9,0,0,9
重庆市,2020年1月24日,18,0,0,27,0,0,27
重庆市,2020年1月25日,30,0,0,57,0,0,57
重庆市,2020年1月26日,18,0,0,75,0,0,75
重庆市,2020年1月27日,35,0,0,110,0,0,110
重庆市,2020年1月28日,22,0,0,132,0,0,132
重庆市,2020年1月29日,15,0,1,147,0,1,146
重庆市,2020年1月30日,35,0,0,182,0,1,181
重庆市,2020年1月31日,29,0,0,211,0,1,210
重庆市,2020年2月1日,36,1,2,247,1,3,243
重庆市,2020年2月2日,53,1,4,300,2,7,291
重庆市,2020年2月3日,37,0,2,337,2,9,326
重庆市,2020年2月4日,29,0,0,366,2,9,355
重庆市,2020年2月5日,23,0,6,389,2,15,372
重庆市,2020年2月6日,22,0,9,411,2,24,385
重庆市,2020年2月7日,15,0,7,426,2,31,393
重庆市,2020年2月8日,2,0,8,428,2,39,387
重庆市,2020年2月9日,40,0,12,468,2,51,415
重庆市,2020年2月10日,18,0,15,486,2,66,418
重庆市,2020年2月11日,19,1,13,505,3,79,423
重庆市,2020年2月12日,13,0,23,518,3,102,413
重庆市,2020年2月13日,11,1,26,529,4,128,397
重庆市,2020年2月14日,8,1,24,537,5,152,380
重庆市,2020年2月15日,7,0,32,544,5,184,355
重庆市,2020年2月16日,7,0,23,551,5,207,339
重庆市,2020年2月17日,2,0,18,553,5,225,323
重庆市,2020年2月18日,2,0,29,555,5,254,296
重庆市,2020年2月19日,5,0,20,560,5,274,281
重庆市,2020年2月20日,7,1,25,567,6,299,262
重庆市,2020年2月21日,5,0,17,572,6,316,250
重庆市,2020年2月22日,1,0,12,573,6,328,239
重庆市,2020年2月23日,2,0,7,575,6,335,234
重庆市,2020年2月24日,1,0,14,576,6,349,221
重庆市,2020年2月25日,0,0,23,576,6,372,198
重庆市,2020年2月26日,0,0,12,576,6,384,186
重庆市,2020年2月27日,0,0,17,576,6,401,169
重庆市,2020年2月28日,0,0,21,576,6,422,148
重庆市,2020年2月29日,0,0,16,576,6,438,132
重庆市,2020年3月1日,0,0,12,576,6,450,120
重庆市,2020年3月2日,0,0,19,576,6,469,101
重庆市,2020年3月3日,0,0,21,576,6,490,80
重庆市,2020年3月4日,0,0,12,576,6,502,68
重庆市,2020年3月5日,0,0,10,576,6,512,58
重庆市,2020年3月6日,0,0,1,576,6,513,57
重庆市,2020年3月7日,0,0,13,576,6,526,44
重庆市,2020年3月8日,0,0,1,576,6,527,43
重庆市,2020年3月9日,0,0,15,576,6,542,28
重庆市,2020年3月10日,0,0,5,576,6,547,23
重庆市,2020年3月11日,0,0,7,576,6,554,16
重庆市,2020年3月12日,0,0,10,576,6,564,6
重庆市,2020年3月13日,0,0,2,576,6,566,4
重庆市,2020年3月14日,0,0,3,576,6,569,1
重庆市,2020年3月15日,0,0,1,576,6,570,0
